## Order: 5
## Bins: 10
## Minimum Radius = 2.00e+01
## Maximum Radius = 1.60e+02
## Format: Row 1 = radial bin 1, Row 2 = radial bin 2, Rows 3+ = zeta_ell^ab
## Column 1 specifies the angular multipole
 	 0	 0	 0	 0	 0	 0	 0	 0	 0	 1	 1	 1	 1	 1	 1	 1	 1	 2	 2	 2	 2	 2	 2	 2	 3	 3	 3	 3	 3	 3	 4	 4	 4	 4	 4	 5	 5	 5	 5	 6	 6	 6	 7	 7	 8	 
	 1	 2	 3	 4	 5	 6	 7	 8	 9	 2	 3	 4	 5	 6	 7	 8	 9	 3	 4	 5	 6	 7	 8	 9	 4	 5	 6	 7	 8	 9	 5	 6	 7	 8	 9	 6	 7	 8	 9	 7	 8	 9	 8	 9	 9	
0	1.01312774e-01	4.26887772e-02	2.03578441e-02	7.55696588e-03	4.88096742e-03	8.39764227e-04	-2.22563422e-03	-2.48162929e-03	-2.10461383e-03	7.64015158e-03	3.49867691e-03	1.27842044e-03	9.82276336e-04	-9.93305291e-04	-2.39003018e-03	-1.90377771e-03	-5.92751830e-04	-3.46593056e-03	-2.57719749e-03	-1.66416806e-03	-1.76517146e-03	-2.07541325e-03	-1.22208866e-03	-2.64062177e-04	-3.86080164e-03	-1.26824445e-03	-1.31200738e-03	-1.56950128e-03	-1.57525251e-03	-6.22846754e-04	-2.26613214e-03	-1.31905711e-03	-1.33104342e-03	-1.41862647e-03	-2.51369243e-04	-9.65241020e-04	-8.36911467e-04	-7.19547643e-04	-5.65506669e-04	-1.16049403e-03	-7.31873196e-04	-5.27764958e-04	-1.50013566e-04	-2.59801112e-04	3.62982656e-04	
1	-3.85273827e-02	-1.39605819e-02	-5.57911800e-03	-3.87866730e-03	-2.92701517e-03	-1.12286147e-03	-8.81381896e-04	1.95661605e-04	4.92688703e-04	-3.48475214e-04	-3.41192783e-04	-1.90549421e-03	-2.78224135e-03	-4.12515867e-04	4.04473254e-04	4.30572620e-04	-2.84208388e-04	1.55595193e-03	-1.64636934e-03	-3.75874222e-04	1.20522680e-03	1.14628580e-03	2.91719216e-04	2.08537747e-04	2.20921049e-03	-2.06840621e-04	1.14718872e-03	1.95986115e-03	1.04123214e-03	5.86528561e-04	1.44157823e-03	1.24486942e-03	1.70906196e-03	1.06292128e-03	3.49091189e-04	9.80698168e-04	1.03703249e-03	1.05087502e-03	3.85501154e-04	1.18751477e-03	7.09527919e-04	2.10188268e-04	1.42009619e-03	7.10897227e-04	7.66106344e-04	
2	1.77235345e-01	8.39685529e-02	4.57545712e-02	2.86155718e-02	1.65482195e-02	1.14317480e-02	9.57428236e-03	5.62757186e-03	4.29613712e-03	4.29422995e-02	2.44338874e-02	1.45542499e-02	8.67089989e-03	6.98782090e-03	4.28162432e-03	2.86614654e-03	1.58901110e-03	1.18480447e-02	9.19436262e-03	5.85976670e-03	3.94931842e-03	1.94023761e-03	1.10883772e-03	1.35416081e-03	4.03956763e-03	3.60717799e-03	2.72107608e-03	2.05809069e-03	1.31746736e-03	1.81530331e-03	1.81910877e-03	1.41567527e-03	8.01480929e-04	4.46238524e-05	6.04422156e-04	-1.93131167e-05	3.04830136e-04	2.27268657e-04	3.15386082e-04	6.66352155e-05	3.00545307e-04	4.36697341e-04	-3.07335389e-04	-1.32982170e-04	-8.74722387e-04	
3	-1.26931872e-01	-4.64926667e-02	-2.04076875e-02	-1.18831899e-02	-6.20244625e-03	-3.06301676e-03	-2.12654917e-03	-1.61962245e-03	-1.59573093e-03	-3.77891209e-02	-1.76108357e-02	-9.91675862e-03	-3.55315706e-03	-1.89360048e-03	-1.70085683e-03	-1.70795551e-03	-8.83743090e-04	-1.21396320e-02	-6.95690793e-03	-2.69453952e-03	-1.39384248e-03	-1.20645989e-03	-9.64860636e-04	-7.31287932e-04	-2.92640317e-03	-2.52212321e-03	-1.70978687e-03	-8.03433352e-04	-5.73888503e-04	-4.39810484e-04	-1.09412825e-03	-1.14926815e-03	-8.03269594e-04	-6.06673940e-04	-4.27500091e-04	-4.54271240e-04	-3.16595975e-04	-5.41843239e-04	-7.05552196e-04	1.86679345e-04	7.68527306e-05	-4.51767279e-04	5.38023070e-04	-2.97097916e-04	3.62582009e-04	
4	1.04627679e-01	3.02048881e-02	9.51315394e-03	5.10305194e-03	3.15161795e-03	9.02758322e-04	3.76366427e-04	4.13302765e-04	-4.04314252e-05	3.22495790e-02	1.20131410e-02	6.48477692e-03	2.64096899e-03	2.37714164e-03	1.05030437e-03	3.82331021e-04	1.23506011e-03	1.14878298e-02	6.47934714e-03	3.39279044e-03	1.55303792e-03	1.73530924e-03	4.04745723e-04	9.07052331e-04	4.23259388e-03	2.52496754e-03	1.26471707e-03	1.10424953e-03	6.45708614e-04	1.98043369e-04	1.27054591e-03	1.07224332e-03	6.29390307e-04	1.25311912e-03	5.87549463e-04	6.12957174e-04	3.42810144e-04	7.38877466e-04	3.51469315e-04	2.55693494e-04	1.71518646e-04	3.70443725e-04	-1.36693550e-04	6.45462132e-05	9.61453987e-06	
5	-8.15676561e-02	-1.76524269e-02	-6.45449525e-03	-1.90104594e-03	-1.15482856e-04	-7.22713280e-04	7.31080175e-04	-8.13491674e-04	-9.68595142e-04	-2.68955156e-02	-8.13130800e-03	-2.52410535e-03	-1.82665266e-03	-1.40340740e-03	-5.07341287e-04	-3.69668527e-04	-6.09871102e-04	-9.67177327e-03	-4.13960243e-03	-2.56937545e-03	-8.98562134e-04	-7.55937495e-04	-9.72249718e-05	-2.81844660e-04	-5.08046403e-03	-3.71059713e-03	-1.02023066e-03	-6.46266906e-04	7.20676561e-05	4.60045842e-05	-3.16684045e-03	-1.31637070e-03	-3.25061396e-04	-3.00820261e-04	-4.62988626e-04	-8.30490899e-04	-3.21313339e-04	1.84092010e-04	-3.49895066e-04	-1.52254347e-04	-2.55908507e-04	-3.33442011e-04	-1.25209081e-04	-3.45167330e-04	-8.89545519e-05	
