## Order: 5
## Bins: 10
## Minimum Radius = 2.00e+01
## Maximum Radius = 1.60e+02
## Format: Row 1 = radial bin 1, Row 2 = radial bin 2, Rows 3+ = zeta_ell^ab
## Column 1 specifies the angular multipole
 	 0	 0	 0	 0	 0	 0	 0	 0	 0	 1	 1	 1	 1	 1	 1	 1	 1	 2	 2	 2	 2	 2	 2	 2	 3	 3	 3	 3	 3	 3	 4	 4	 4	 4	 4	 5	 5	 5	 5	 6	 6	 6	 7	 7	 8	 
	 1	 2	 3	 4	 5	 6	 7	 8	 9	 2	 3	 4	 5	 6	 7	 8	 9	 3	 4	 5	 6	 7	 8	 9	 4	 5	 6	 7	 8	 9	 5	 6	 7	 8	 9	 6	 7	 8	 9	 7	 8	 9	 8	 9	 9	
0	1.32305020e-01	5.46680268e-02	2.62970073e-02	1.13042506e-02	6.81334077e-03	4.35170648e-03	2.65733887e-03	2.61561871e-03	4.30619527e-03	1.26369147e-02	4.70804233e-03	9.25590469e-04	7.14719691e-04	-4.01821815e-04	5.09886033e-04	1.54897286e-03	1.88550987e-03	-2.87691618e-03	-2.10642089e-03	-1.42729426e-04	9.86053692e-05	5.39729101e-04	1.56600043e-03	1.93577765e-03	-4.03598672e-03	-3.94679087e-04	8.70061692e-04	1.20650131e-03	1.14342722e-03	1.79928488e-03	-1.12208503e-03	9.86568105e-05	2.99107580e-04	3.61697073e-04	1.20870163e-03	-8.27440972e-04	5.76998096e-04	1.21107890e-03	1.73226635e-03	3.96823120e-04	1.02721314e-03	1.56674555e-03	8.52819854e-04	1.02169675e-03	1.03806065e-03	
1	-4.99049293e-02	-1.68089231e-02	-6.48622525e-03	-5.23969413e-03	-5.92736309e-03	-3.68326126e-04	3.77833221e-03	1.16157635e-03	-3.71007870e-04	-1.04910859e-03	-1.89879514e-03	-3.30939082e-03	-3.96502124e-03	1.28398513e-03	4.22938640e-03	1.51214696e-03	-5.90454839e-04	1.79495130e-03	-1.29051427e-03	-1.86374329e-03	1.38811406e-03	2.97923282e-03	1.88468010e-03	-4.50064246e-05	5.44053577e-04	-4.17983046e-04	2.48630544e-03	2.64612025e-03	1.54420775e-03	1.04139358e-04	1.21905018e-03	2.24359361e-03	1.91343347e-03	1.21959080e-03	5.77364789e-04	2.02279872e-03	2.33810265e-03	8.92834498e-04	5.34248320e-04	1.88398247e-03	9.44934886e-04	4.66695787e-04	7.71087556e-04	2.62591079e-04	1.03543243e-04	
2	1.90066262e-01	9.14654815e-02	5.38779530e-02	3.16006907e-02	1.63356981e-02	1.19351012e-02	9.45734924e-03	1.00489871e-02	8.13391558e-03	5.17247453e-02	2.90442029e-02	1.58638306e-02	1.01271841e-02	8.26728012e-03	5.40225585e-03	4.08765527e-03	3.68041573e-03	1.36747462e-02	9.72483747e-03	6.84124447e-03	5.18467522e-03	3.22673422e-03	1.83496297e-03	6.35508436e-04	3.76540828e-03	4.01379604e-03	2.18756427e-03	8.87932402e-04	-4.96473946e-05	-2.18643037e-04	2.17565399e-03	1.01184727e-03	2.04214847e-04	-6.98842012e-04	-5.17347168e-04	6.59566833e-04	-2.72830216e-04	-3.18089994e-04	-3.08017676e-04	-8.43497877e-05	3.72445171e-04	4.62022136e-04	2.60123842e-04	5.21432361e-04	2.78069075e-04	
3	-1.29488084e-01	-4.60746446e-02	-2.13755562e-02	-1.40555575e-02	-8.20691837e-03	-2.27079436e-03	-9.77571770e-04	-1.48622936e-03	-1.33101752e-03	-3.85319103e-02	-2.06088934e-02	-1.15885327e-02	-5.43797631e-03	-2.73350521e-03	-1.63874643e-03	-4.46533501e-04	-9.59269953e-04	-1.46454294e-02	-8.52159861e-03	-4.49981852e-03	-2.64818388e-03	-1.83529672e-03	-1.72910033e-04	-2.42639269e-04	-3.55303893e-03	-3.39995320e-03	-2.29218154e-03	-6.46920442e-04	6.02435757e-05	-6.16285667e-04	-1.74856057e-03	-1.65585911e-03	-2.42667164e-04	-1.61306558e-04	-3.08789998e-04	-2.17356159e-03	-6.19951051e-04	-1.78118907e-05	4.94977835e-05	-1.26410239e-03	-6.81476895e-04	-6.64736060e-04	-3.59256699e-04	-5.18527132e-04	7.61485717e-05	
4	1.06735309e-01	3.25636134e-02	1.21236931e-02	7.16269609e-03	4.65551058e-03	2.41500314e-03	-3.99909811e-04	-3.67012591e-04	9.90643453e-04	3.51616139e-02	1.40378665e-02	7.67550779e-03	4.65369325e-03	1.30184884e-03	6.15599830e-04	1.49150140e-04	4.92003640e-04	1.41847874e-02	7.49317200e-03	3.76956933e-03	2.38839561e-03	8.79059414e-04	5.61526948e-04	6.26275812e-04	5.98678615e-03	2.95055294e-03	1.60875332e-03	6.37473644e-04	1.83481951e-05	-2.08813115e-04	1.34761047e-03	1.32688908e-03	9.64984667e-04	1.18685978e-04	9.51179075e-05	1.13279673e-03	7.66097183e-04	6.54762207e-04	3.54277532e-04	6.74955391e-04	4.44365853e-04	3.29455006e-04	6.69322349e-04	5.50039582e-04	1.46021651e-04	
5	-8.15152637e-02	-1.87566569e-02	-8.33309831e-03	-2.38846564e-03	-1.62409386e-03	-1.20181942e-03	-4.84859595e-04	-3.93978070e-05	8.49878713e-04	-2.98863729e-02	-9.67244520e-03	-3.65564064e-03	-2.31896263e-03	-1.24540146e-03	3.06197596e-04	4.27449185e-04	5.67259612e-04	-1.14115425e-02	-5.96841282e-03	-3.68535195e-03	-1.56855732e-03	-7.51652331e-04	7.78814863e-05	-7.74582144e-05	-5.59049769e-03	-3.31143350e-03	-2.12449399e-03	-1.13022980e-03	-4.74237550e-04	-9.61423566e-05	-2.69595330e-03	-1.67775087e-03	-1.67473359e-03	-9.69687305e-04	-3.72127427e-04	-1.46818911e-03	-1.09738254e-03	-9.31174829e-04	-6.27557040e-04	-4.76170677e-04	-7.24555759e-04	-7.46756934e-04	-3.73229147e-04	-8.68430508e-04	-4.56790630e-04	
