## Order: 5
## Bins: 10
## Minimum Radius = 2.00e+01
## Maximum Radius = 1.60e+02
## Format: Row 1 = radial bin 1, Row 2 = radial bin 2, Rows 3+ = zeta_ell^ab
## Column 1 specifies the angular multipole
 	 0	 0	 0	 0	 0	 0	 0	 0	 0	 1	 1	 1	 1	 1	 1	 1	 1	 2	 2	 2	 2	 2	 2	 2	 3	 3	 3	 3	 3	 3	 4	 4	 4	 4	 4	 5	 5	 5	 5	 6	 6	 6	 7	 7	 8	 
	 1	 2	 3	 4	 5	 6	 7	 8	 9	 2	 3	 4	 5	 6	 7	 8	 9	 3	 4	 5	 6	 7	 8	 9	 4	 5	 6	 7	 8	 9	 5	 6	 7	 8	 9	 6	 7	 8	 9	 7	 8	 9	 8	 9	 9	
0	9.51299596e-02	3.52555590e-02	1.40626545e-02	5.99462190e-03	4.26692436e-03	2.69380365e-03	-3.40786943e-03	-1.94927035e-03	-2.92889465e-03	6.95890333e-03	3.01583589e-03	1.54400949e-04	1.30865542e-03	5.19700872e-04	-1.58063468e-03	-1.62126387e-03	-1.68347567e-03	-5.94180164e-03	-2.49779541e-03	-1.03706760e-03	-4.17019065e-04	-1.24185581e-03	-6.05056653e-04	-5.23523741e-06	-4.20637207e-03	-1.74815757e-03	-5.88508738e-04	-1.05040481e-03	-4.67374565e-04	-2.18785153e-04	-1.01684012e-03	-3.10920966e-05	-4.53053489e-04	-3.85994356e-04	-9.78943644e-05	-1.19763640e-03	-1.06223881e-03	-1.49252970e-04	6.84761733e-05	-1.22344445e-03	-4.09811210e-04	-1.61702090e-04	-5.22850560e-04	1.38105996e-04	-4.55526061e-04	
1	-3.42668370e-02	-9.64956612e-03	-4.78220595e-03	-3.32978702e-03	-4.22872198e-03	-4.93703330e-04	3.89347822e-04	1.18988343e-03	-6.34639023e-04	1.64623953e-03	-1.40821569e-03	-2.79715214e-03	-2.45204424e-03	7.77341063e-04	2.18385721e-03	1.17156854e-03	-8.17030158e-04	4.59926156e-03	1.29556077e-03	-2.37299694e-04	8.78455264e-04	1.14895984e-03	4.62221913e-04	7.22368007e-05	4.77602236e-03	1.62777368e-03	2.27259670e-03	1.52082469e-03	4.28603215e-04	-9.85102013e-05	2.11639788e-03	1.33127124e-03	1.97453098e-04	-8.70828094e-04	-5.00730465e-04	1.22201970e-03	4.26919245e-04	-3.90786199e-04	-6.23166660e-05	8.31561255e-04	1.95003862e-04	-6.31679379e-05	6.73866441e-04	1.60789317e-04	8.50036859e-04	
2	1.76086917e-01	8.67028704e-02	5.17313833e-02	2.84096490e-02	1.47178841e-02	8.50148715e-03	1.01815519e-02	7.93180614e-03	5.78438657e-03	4.42483906e-02	2.56747647e-02	1.35364090e-02	8.27864781e-03	5.89395617e-03	5.90861187e-03	5.28919751e-03	3.81451060e-03	1.28598736e-02	9.11850306e-03	6.02062451e-03	4.56481542e-03	3.63246877e-03	2.21589287e-03	7.42402915e-04	3.26559237e-03	3.30839594e-03	3.96974647e-03	1.84432020e-03	1.38096470e-03	1.14281374e-03	5.82270577e-04	1.25358178e-03	5.94739991e-04	7.95735909e-04	1.55579146e-03	7.83618519e-04	-1.47193806e-04	4.01557048e-04	5.96685211e-04	2.25073552e-04	9.18457464e-04	5.76486970e-04	-2.48669157e-04	1.86651195e-04	4.82641836e-04	
3	-1.23006646e-01	-4.52396726e-02	-2.16466973e-02	-1.19329972e-02	-7.64110109e-03	-1.61014219e-03	-1.33652033e-03	-2.18751499e-03	-1.30528701e-03	-3.40840241e-02	-1.75857481e-02	-1.02238892e-02	-5.05437467e-03	-2.16108365e-03	-9.66533921e-04	-1.34643831e-03	-1.49052353e-03	-1.20715654e-02	-8.27411423e-03	-4.72420520e-03	-1.73304235e-03	-8.80177632e-04	-1.18231100e-03	-4.43066872e-04	-4.48182014e-03	-3.68173451e-03	-1.35642987e-03	-1.20554393e-03	-8.86163174e-04	-6.58166013e-04	-2.02160581e-03	-1.17334355e-03	-5.36435832e-04	-7.12154066e-04	-3.72977660e-04	-5.28194692e-04	-3.83472281e-04	-3.89417198e-04	-1.90265536e-04	3.12493610e-04	3.67962275e-04	1.83753762e-04	2.57710359e-05	-3.66079666e-04	5.30618491e-06	
4	1.02644285e-01	2.80851480e-02	1.28888070e-02	6.49302180e-03	4.94753412e-03	2.71396250e-03	-1.55299044e-03	4.09263807e-05	-5.29793996e-04	3.16554522e-02	1.43241176e-02	6.61906802e-03	4.35290506e-03	1.42884914e-03	-6.67410528e-04	-9.80225064e-04	1.66835822e-04	1.08670630e-02	7.30912047e-03	3.91072063e-03	2.33370688e-03	1.17998515e-03	1.01241364e-03	1.11697690e-03	5.37511217e-03	3.23894774e-03	1.67229456e-03	9.14865449e-04	4.83592031e-04	5.12017178e-04	2.35985336e-03	1.35918865e-03	9.19593119e-04	3.52633466e-04	3.38931967e-04	1.47424147e-03	8.31698329e-04	2.44488057e-04	4.12396124e-04	7.32558848e-04	2.88133961e-04	5.41076146e-04	-5.10995156e-04	-4.65923957e-05	-6.39334329e-04	
5	-8.51086667e-02	-1.96357878e-02	-5.75892309e-03	-2.14759052e-03	-1.82829343e-03	-2.22300433e-03	3.88642044e-04	1.46020149e-04	-3.16228194e-04	-2.80848771e-02	-1.03334046e-02	-3.14616685e-03	-2.77289802e-03	-1.18541332e-03	6.89441567e-04	6.75144130e-04	1.25672865e-04	-9.26073942e-03	-4.73745043e-03	-2.86009373e-03	-3.83042858e-04	2.05541354e-04	7.56464600e-04	1.78292941e-04	-4.52498981e-03	-3.63180902e-03	-5.97262531e-04	-6.83857732e-05	2.59218638e-04	5.09949653e-05	-1.44442840e-03	-2.24813158e-04	2.20139453e-04	2.43362709e-04	4.45773559e-04	-1.09008469e-03	-7.29986735e-04	1.17033149e-05	1.57906883e-04	-4.64019184e-04	-2.69980227e-04	-2.43325734e-04	3.36758014e-04	2.07622830e-04	2.36154678e-04	
