## Order: 5
## Bins: 10
## Minimum Radius = 2.00e+01
## Maximum Radius = 1.60e+02
## Format: Row 1 = radial bin 1, Row 2 = radial bin 2, Rows 3+ = zeta_ell^ab
## Column 1 specifies the angular multipole
 	 0	 0	 0	 0	 0	 0	 0	 0	 0	 1	 1	 1	 1	 1	 1	 1	 1	 2	 2	 2	 2	 2	 2	 2	 3	 3	 3	 3	 3	 3	 4	 4	 4	 4	 4	 5	 5	 5	 5	 6	 6	 6	 7	 7	 8	 
	 1	 2	 3	 4	 5	 6	 7	 8	 9	 2	 3	 4	 5	 6	 7	 8	 9	 3	 4	 5	 6	 7	 8	 9	 4	 5	 6	 7	 8	 9	 5	 6	 7	 8	 9	 6	 7	 8	 9	 7	 8	 9	 8	 9	 9	
0	1.18698290e-01	4.54431724e-02	2.29119690e-02	1.42996306e-02	1.11900589e-02	7.34965783e-03	3.60666107e-03	4.91419472e-03	3.58833874e-03	6.87897180e-03	4.45189385e-03	2.74712355e-03	2.64427785e-03	7.88756485e-04	4.52482732e-04	2.13460272e-03	1.91662976e-03	-4.36505689e-03	-2.83168807e-03	-1.28355905e-03	-2.27624797e-03	-1.51290428e-03	2.81833777e-04	1.29054525e-03	-3.82145070e-03	-1.21223380e-03	-1.50401302e-03	-7.81994809e-04	-4.63026565e-04	-7.87554949e-04	-7.67313874e-04	-5.06493896e-05	2.49975656e-04	-9.62141570e-04	-1.18540492e-03	9.05044875e-04	4.80588055e-04	-2.41944102e-04	-9.42410713e-04	7.27457629e-06	-5.80188315e-05	-7.99146346e-04	-2.11151708e-04	-3.75372144e-04	-6.07843371e-04	
1	-4.26827983e-02	-1.40230787e-02	-5.12579871e-03	-3.04740047e-03	-4.33089592e-03	8.91035525e-04	1.41791767e-03	-1.97384263e-03	-1.51957207e-03	1.27857409e-03	-2.40135820e-03	-3.47060025e-03	-1.26039760e-03	1.94293249e-03	1.00583140e-03	-7.55915653e-04	-1.69135265e-03	1.14309788e-03	-1.49746228e-03	-1.37045465e-04	1.47607574e-03	1.21350006e-03	8.64370811e-04	3.97823370e-04	4.22449816e-05	-9.09179705e-04	5.32631569e-04	9.48567518e-04	1.35398515e-03	6.47853870e-04	-1.10741196e-03	1.83182517e-04	8.69814622e-04	6.76273911e-04	1.24366526e-04	6.56546351e-04	5.29900782e-04	2.22320620e-04	-3.86088382e-05	1.07537099e-03	3.41087463e-04	4.47276257e-04	6.97958130e-04	3.50964862e-04	2.96887131e-04	
2	1.92979683e-01	9.32820262e-02	5.31182733e-02	2.91214581e-02	1.74079228e-02	1.36255272e-02	1.13830388e-02	8.21968703e-03	4.00603518e-03	4.70038278e-02	2.78722455e-02	1.52196459e-02	1.01968106e-02	7.28817668e-03	4.71803656e-03	2.63548141e-03	1.47853290e-03	1.18730005e-02	1.01059121e-02	5.99178190e-03	3.49045831e-03	2.04533728e-03	1.52051512e-03	8.49017288e-04	3.15121105e-03	3.32674867e-03	1.22376327e-03	8.80788928e-04	7.20627016e-04	3.26481757e-04	1.04738145e-03	1.64912143e-05	-4.88601587e-06	-1.01283485e-05	-4.26224325e-04	3.96756739e-04	9.20069629e-04	3.66166144e-04	1.73106544e-04	1.44707831e-03	1.59846093e-03	1.27822442e-03	9.89996051e-04	7.77626919e-04	2.28814394e-04	
3	-1.29007417e-01	-4.99670686e-02	-2.44456431e-02	-1.36723644e-02	-6.80781984e-03	-2.12243858e-03	-2.60405808e-03	-3.51919806e-03	-1.75330691e-03	-4.05109699e-02	-2.07158412e-02	-9.85683482e-03	-3.53442923e-03	-2.21779157e-03	-2.42002915e-03	-3.26251442e-03	-1.54240701e-03	-1.13972688e-02	-6.30153080e-03	-3.39084198e-03	-2.58908374e-03	-1.35540729e-03	-9.57123415e-04	-4.30752320e-04	-3.95149621e-03	-2.01340569e-03	-1.36819113e-03	1.91453456e-04	3.10226507e-04	-3.17543996e-05	-2.50181670e-04	-2.74565432e-04	9.98708469e-05	5.38020712e-05	4.18590022e-04	-7.86584540e-05	1.46792789e-04	-1.12937162e-04	3.39132237e-05	3.72570043e-04	-3.52907214e-04	-5.80229131e-04	-4.39420175e-04	-6.98783609e-04	-1.11405973e-03	
4	1.08356568e-01	3.21566430e-02	1.31784954e-02	5.00158555e-03	3.76414403e-03	7.15414842e-04	-7.97008878e-04	-3.22564580e-04	5.68214516e-04	3.34954833e-02	1.61821310e-02	7.26236692e-03	3.92409943e-03	1.38926549e-03	6.49655089e-04	1.38030525e-04	7.08434138e-04	1.26609536e-02	7.25305431e-03	4.05126181e-03	1.85802667e-03	5.88682820e-04	1.08157822e-03	1.10592679e-03	6.05711884e-03	3.73327231e-03	1.99321323e-03	5.02011074e-04	3.89503907e-04	6.61246943e-04	1.95380096e-03	1.18332471e-03	4.25637596e-04	-3.17540082e-05	3.95565690e-04	1.27167310e-04	8.99093725e-05	-7.04632331e-05	-7.21072420e-05	-1.73930210e-04	9.07086239e-05	-3.41464636e-04	-3.35302686e-04	-3.73858458e-04	-2.45744805e-04	
5	-8.45423211e-02	-1.85101093e-02	-5.32182383e-03	-2.52727134e-03	-1.12091020e-03	-1.33162686e-03	2.23185906e-04	4.57408685e-04	-7.84785982e-04	-3.09857023e-02	-9.92296023e-03	-4.07422732e-03	-2.74909984e-03	-1.40669312e-03	-6.69843918e-04	4.94853394e-04	-4.09571734e-04	-1.13889736e-02	-6.10240699e-03	-3.50990970e-03	-1.33524599e-03	-5.87348119e-04	-2.46849901e-04	-5.80236995e-04	-5.61090119e-03	-3.11421670e-03	-1.15051778e-03	-9.00716920e-04	-5.99980075e-04	1.48489454e-04	-3.48186457e-03	-1.75853939e-03	-1.57356042e-03	-7.09107835e-04	2.22473046e-04	-2.02804922e-03	-9.90398589e-04	-1.04627209e-03	-5.63191174e-04	-8.95401995e-04	-1.02545394e-03	-5.91149182e-04	-8.69792307e-04	-5.08651221e-04	-2.70259684e-04	
