## Order: 5
## Bins: 10
## Minimum Radius = 2.00e+01
## Maximum Radius = 1.60e+02
## Format: Row 1 = radial bin 1, Row 2 = radial bin 2, Rows 3+ = zeta_ell^ab
## Column 1 specifies the angular multipole
 	 0	 0	 0	 0	 0	 0	 0	 0	 0	 1	 1	 1	 1	 1	 1	 1	 1	 2	 2	 2	 2	 2	 2	 2	 3	 3	 3	 3	 3	 3	 4	 4	 4	 4	 4	 5	 5	 5	 5	 6	 6	 6	 7	 7	 8	 
	 1	 2	 3	 4	 5	 6	 7	 8	 9	 2	 3	 4	 5	 6	 7	 8	 9	 3	 4	 5	 6	 7	 8	 9	 4	 5	 6	 7	 8	 9	 5	 6	 7	 8	 9	 6	 7	 8	 9	 7	 8	 9	 8	 9	 9	
0	1.12150935e-01	5.43174989e-02	2.71243909e-02	1.37890083e-02	9.15533708e-03	8.45828413e-04	-2.08677985e-03	-2.25172501e-03	-1.40460717e-03	2.03884796e-02	1.14135336e-02	6.60722937e-03	2.75240085e-03	-2.50348617e-03	-3.20136890e-03	-2.15172654e-03	-8.37659014e-04	6.38134933e-04	3.50912677e-03	2.08362668e-03	-8.49169426e-04	-6.10541766e-04	-1.92420049e-04	3.58038582e-04	-3.60051704e-04	9.38177629e-04	-2.12216190e-03	-1.52594137e-03	6.52276632e-05	8.24229300e-04	1.42091554e-03	-1.26503148e-04	-2.45269118e-04	3.59980050e-04	3.87537694e-04	-5.11433215e-04	-1.46434958e-04	1.82381201e-04	-1.03768953e-04	-6.37499241e-04	3.15496754e-04	-4.57720715e-05	2.70212744e-05	9.11244784e-05	1.21772546e-04	
1	-2.72556961e-02	-1.38949020e-02	-5.98379719e-03	-6.07852653e-03	-5.46918210e-03	6.33400129e-04	5.49915587e-04	-6.05160485e-05	7.35803495e-04	-1.85945601e-03	-4.62993525e-03	-7.36601488e-03	-4.32993728e-03	6.60969979e-04	1.85682899e-03	-5.04759622e-05	-4.33426671e-04	6.64590241e-04	-3.22796180e-03	-1.51030539e-03	5.51549379e-04	1.25485170e-03	-4.36757925e-04	-3.77991703e-05	2.41879541e-04	-2.34078922e-04	2.22236979e-03	2.37133553e-03	7.12909142e-04	8.41084235e-04	-1.10636984e-03	8.60755245e-04	1.30152046e-03	3.90445053e-04	3.76067632e-04	1.04660544e-03	5.86652395e-04	-2.58330269e-04	3.45112315e-04	1.49553583e-03	3.54264805e-04	1.96769371e-04	1.06737276e-03	3.13373751e-04	3.73723084e-04	
2	1.84125057e-01	9.28496270e-02	5.45679984e-02	3.24814129e-02	1.84247327e-02	1.54837708e-02	1.32996551e-02	1.07928360e-02	6.62824262e-03	4.79412524e-02	2.78762794e-02	1.59452430e-02	1.15717093e-02	9.30129054e-03	6.69403838e-03	4.99092488e-03	2.30142558e-03	1.27204192e-02	9.24133586e-03	6.66765139e-03	5.20904080e-03	3.81661118e-03	2.90161189e-03	1.45248804e-03	5.40587709e-03	4.66845983e-03	3.34025493e-03	3.42031835e-03	2.81891701e-03	2.12418714e-03	1.21882427e-03	1.79179190e-03	2.16612434e-03	1.93200807e-03	1.19758429e-03	6.13027999e-04	1.69982396e-03	1.59547127e-03	1.19460591e-03	2.27885706e-04	1.19374820e-03	9.71006454e-04	4.36440589e-04	4.61469796e-04	-2.00628375e-04	
3	-1.30399250e-01	-4.92400756e-02	-2.46415499e-02	-1.39241884e-02	-5.94874895e-03	-2.46033631e-03	-2.18398089e-03	-2.73558290e-03	-2.26872168e-03	-3.76574090e-02	-2.08639633e-02	-1.17042954e-02	-5.26321473e-03	-3.54124499e-03	-1.67928539e-03	-1.96614261e-03	-8.45605582e-04	-1.17050844e-02	-7.83613071e-03	-4.82634274e-03	-3.19297114e-03	-1.57057016e-03	-9.85977654e-04	-9.28020213e-05	-2.71728808e-03	-4.18979409e-03	-2.95594665e-03	-1.46115005e-03	-1.09567228e-03	-8.66193155e-04	-9.76241522e-04	-6.71964979e-04	4.53611090e-04	-1.74414893e-04	-2.49661500e-04	7.54833916e-04	4.79010601e-04	-1.38701269e-04	1.31137098e-04	1.19726212e-03	5.15870967e-04	3.77413574e-05	1.59852303e-03	5.10168822e-04	8.10015782e-04	
4	1.11071585e-01	2.89911596e-02	1.20909562e-02	5.79752021e-03	4.78658237e-03	1.22625489e-03	5.11405740e-04	1.11480237e-03	1.17822202e-03	3.16862235e-02	1.48177191e-02	7.72837142e-03	2.76728237e-03	2.18633305e-04	-3.70485092e-04	4.37902029e-04	2.03678986e-03	1.28716071e-02	8.40687104e-03	2.03387004e-03	9.78243751e-04	5.66196190e-04	1.16297880e-03	1.08832292e-03	4.65854655e-03	2.73712823e-03	1.72364796e-03	1.61907920e-03	1.18768806e-03	3.53492951e-04	1.50595487e-03	1.43039648e-03	7.37180590e-04	5.60356654e-04	5.10267490e-04	9.75895940e-04	4.33951874e-04	4.06756136e-04	6.09104045e-04	-1.67264860e-04	2.80460709e-04	1.21251971e-04	-6.41644993e-04	3.25707662e-04	-2.28610263e-04	
5	-8.76549624e-02	-2.16363061e-02	-6.20991055e-03	-4.15476359e-05	-3.38798756e-04	-8.09682455e-04	-2.35701707e-04	-6.22157598e-05	-6.01699895e-04	-2.81497534e-02	-8.51710360e-03	-3.01843424e-03	-1.67112504e-03	-5.17606320e-05	7.81356899e-04	9.28263070e-04	5.47659355e-04	-9.70027581e-03	-5.62894438e-03	-3.11488558e-03	-3.21178899e-04	3.84227074e-04	7.92477689e-04	4.58091118e-04	-5.86871017e-03	-2.89796617e-03	-4.75931055e-04	7.64379883e-04	7.28498873e-04	-1.12093586e-04	-1.54998997e-03	-9.96902266e-04	-3.94847163e-04	-4.48898092e-04	-9.35595200e-04	-1.22184694e-03	-8.89103967e-04	-8.96824242e-04	-6.99018027e-04	-1.23192004e-03	-7.84829647e-04	-4.77547873e-04	-1.05173697e-04	-3.74766093e-04	2.92874813e-04	
