## Order: 5
## Bins: 10
## Minimum Radius = 2.00e+01
## Maximum Radius = 1.60e+02
## Format: Row 1 = radial bin 1, Row 2 = radial bin 2, Rows 3+ = zeta_ell^ab
## Column 1 specifies the angular multipole
 	 0	 0	 0	 0	 0	 0	 0	 0	 0	 1	 1	 1	 1	 1	 1	 1	 1	 2	 2	 2	 2	 2	 2	 2	 3	 3	 3	 3	 3	 3	 4	 4	 4	 4	 4	 5	 5	 5	 5	 6	 6	 6	 7	 7	 8	 
	 1	 2	 3	 4	 5	 6	 7	 8	 9	 2	 3	 4	 5	 6	 7	 8	 9	 3	 4	 5	 6	 7	 8	 9	 4	 5	 6	 7	 8	 9	 5	 6	 7	 8	 9	 6	 7	 8	 9	 7	 8	 9	 8	 9	 9	
0	1.17418980e-01	5.43208316e-02	2.16303096e-02	1.10166251e-02	5.43214151e-03	-6.19371548e-04	-4.44263858e-03	-6.02636431e-03	-6.16185183e-03	1.73818505e-02	6.78328054e-03	4.43821904e-03	2.51118468e-03	-9.71900532e-04	-2.75482414e-03	-2.64884879e-03	-2.50510916e-03	2.35527494e-04	1.67808224e-03	1.43379235e-03	-3.95951840e-04	-1.35563149e-03	-1.92123756e-03	-1.65709222e-03	-1.76913511e-03	-9.91904709e-04	-1.34078709e-03	-1.73134488e-03	-1.87756009e-03	-2.03662199e-03	-1.40634710e-03	-1.02775763e-03	-1.25015507e-03	-1.23978904e-03	-1.49817817e-03	-6.10478561e-04	-1.08267708e-03	-1.14942261e-03	-1.56421110e-03	-1.82784715e-03	-1.18681846e-03	-1.51503043e-03	-6.68737676e-04	-7.35207449e-04	-5.33113309e-04	
1	-3.75971728e-02	-1.75879224e-02	-6.17171729e-03	-4.64962469e-03	-6.58858739e-03	-1.72189144e-03	-9.14710545e-04	-5.22700894e-04	5.04525482e-04	-1.39514303e-03	-2.88195701e-03	-3.71351832e-03	-5.21847059e-03	-1.12177185e-03	2.12536473e-04	-1.13790022e-03	2.44221200e-04	1.46462802e-03	-1.81640837e-03	-3.87240573e-03	-1.49552694e-03	-6.81285964e-04	-4.45146276e-04	2.39880077e-04	1.47720743e-03	-2.19452613e-03	3.53726364e-04	1.22896622e-03	4.34436336e-04	9.24228213e-04	-7.50946050e-05	9.35527483e-04	1.41338635e-03	1.16532408e-03	1.10393388e-03	1.41050211e-03	1.67704045e-03	9.78764655e-04	7.01512494e-04	1.95302855e-03	8.08293737e-04	3.78361827e-04	1.34303539e-03	5.59176481e-04	3.78160486e-04	
2	1.81322701e-01	8.72555572e-02	5.22935699e-02	2.97515982e-02	1.53626952e-02	1.16943532e-02	6.79227157e-03	5.80605578e-03	5.38745954e-03	4.74181040e-02	2.74280627e-02	1.53109334e-02	9.32939302e-03	6.92744978e-03	3.19841279e-03	2.31048779e-03	2.89703070e-03	1.13080160e-02	9.07740160e-03	5.70925631e-03	3.79108698e-03	2.17716454e-03	6.16235186e-04	1.19858045e-03	3.88694353e-03	3.88031960e-03	4.38067981e-03	2.69821335e-03	1.78479987e-03	1.14102623e-03	1.88061507e-03	2.80303500e-03	1.99374673e-03	1.72948946e-03	1.72913553e-03	1.60312343e-03	1.48580819e-03	8.26166951e-04	5.12129487e-04	4.20113458e-04	1.89947156e-04	2.56649970e-04	-7.30173981e-04	-4.84581735e-04	-1.17184477e-03	
3	-1.27644426e-01	-4.40332292e-02	-2.26765970e-02	-1.45481375e-02	-7.18929016e-03	-2.57725391e-03	-9.68388775e-04	-2.02906908e-03	-9.47495020e-04	-3.59783161e-02	-2.06415310e-02	-1.07932202e-02	-5.04847444e-03	-1.88476239e-03	-1.95045433e-03	-7.66605456e-04	-1.17832853e-03	-1.30051565e-02	-7.43017391e-03	-4.02832605e-03	-1.30772196e-03	-8.63164591e-04	-5.97297258e-04	-7.72562042e-04	-2.89684716e-03	-2.73863300e-03	-1.24182237e-03	-1.19703528e-03	-1.59218745e-03	-8.89437321e-04	-1.85862952e-03	-7.49784868e-04	-1.06798953e-03	-1.26807731e-03	-6.74548411e-04	1.15840087e-04	-2.92737994e-04	-4.09577062e-04	-8.32056933e-04	-1.76775223e-04	-3.45306064e-04	-6.20887765e-04	1.44433557e-04	1.34724625e-04	7.67523872e-04	
4	1.05583745e-01	3.10804308e-02	1.00926184e-02	6.21669159e-03	2.73114882e-03	1.79946737e-03	5.23498716e-04	1.02632961e-03	2.62164582e-04	3.14305654e-02	1.26516602e-02	8.03840326e-03	4.18177802e-03	1.60462389e-03	1.11158394e-03	8.34646989e-04	6.09251537e-04	1.18050914e-02	8.11930142e-03	4.50582846e-03	1.58384261e-03	1.21026473e-03	1.14117930e-03	1.82820290e-04	4.67577512e-03	3.49051739e-03	1.14167952e-03	8.77941876e-04	3.03550635e-04	-2.70548418e-04	2.12759909e-03	1.37032082e-03	4.80097684e-04	1.60529040e-05	-1.88825013e-04	6.34191833e-04	-4.75400786e-05	-1.96758634e-04	-3.60274994e-04	8.75573322e-05	-1.87203467e-05	8.66265485e-05	-1.56359165e-04	3.33928321e-04	-2.76829650e-04	
5	-7.83874724e-02	-1.72944572e-02	-7.02919893e-03	-1.32338592e-03	-7.10414657e-04	-1.04257508e-04	-3.34767456e-04	-1.43456889e-03	1.01100193e-04	-2.83008580e-02	-9.82862288e-03	-3.99507860e-03	-2.23621739e-03	-3.48130072e-04	-6.19629227e-04	-6.86435660e-05	9.45653438e-05	-1.00024460e-02	-5.08207831e-03	-2.39054057e-03	-7.55034803e-04	-2.16342906e-04	-8.91398583e-04	-3.35565033e-04	-4.51905318e-03	-2.37811668e-03	-5.60645283e-04	-5.23824454e-04	-1.12650189e-03	-4.23239115e-04	-1.43791082e-03	-1.07287541e-03	-6.49495306e-04	-6.00057878e-04	-1.68111462e-04	-1.08862865e-03	-3.88108442e-04	1.49179749e-05	5.55877044e-05	-3.02473755e-04	-2.67647654e-04	-2.71567174e-04	-1.05358608e-04	-2.89923318e-04	-1.23304494e-04	
