## Order: 5
## Bins: 10
## Minimum Radius = 2.00e+01
## Maximum Radius = 1.60e+02
## Format: Row 1 = radial bin 1, Row 2 = radial bin 2, Rows 3+ = zeta_ell^ab
## Column 1 specifies the angular multipole
 	 0	 0	 0	 0	 0	 0	 0	 0	 0	 1	 1	 1	 1	 1	 1	 1	 1	 2	 2	 2	 2	 2	 2	 2	 3	 3	 3	 3	 3	 3	 4	 4	 4	 4	 4	 5	 5	 5	 5	 6	 6	 6	 7	 7	 8	 
	 1	 2	 3	 4	 5	 6	 7	 8	 9	 2	 3	 4	 5	 6	 7	 8	 9	 3	 4	 5	 6	 7	 8	 9	 4	 5	 6	 7	 8	 9	 5	 6	 7	 8	 9	 6	 7	 8	 9	 7	 8	 9	 8	 9	 9	
0	1.16707154e-01	4.94972790e-02	2.45848369e-02	1.75784367e-02	1.10704438e-02	6.08311681e-03	-3.61177196e-04	1.83700773e-03	1.91930252e-03	1.47020451e-02	5.98823272e-03	4.28891838e-03	2.95038638e-03	1.50418052e-03	-8.99965124e-04	2.70211564e-03	1.17514071e-03	-2.42615282e-03	3.48819464e-05	1.07259534e-03	5.96317404e-04	-5.56676089e-04	1.58389245e-03	5.35561226e-04	-1.77824020e-03	4.60423947e-04	5.43267185e-04	-8.04152752e-04	3.12989636e-04	2.76342624e-04	-6.78081309e-04	-3.44182862e-04	-1.12165023e-03	-7.89772982e-04	-2.93511809e-04	-1.84200188e-03	-7.34742613e-04	3.19730805e-05	7.49307237e-04	-1.53978977e-03	-8.47947422e-04	3.42634463e-05	-5.50639973e-04	2.03241748e-04	2.05783654e-04	
1	-4.15134620e-02	-1.49401246e-02	-3.10579197e-03	-4.35511909e-03	-5.53211644e-03	3.62881245e-04	-1.25188423e-04	-4.78466215e-05	1.30231779e-04	9.33413800e-04	5.48334921e-04	-5.34361321e-03	-4.55725601e-03	2.01299461e-03	5.85740949e-04	-6.00972208e-05	-2.90500076e-04	3.32384402e-03	-7.45376094e-04	-1.44684179e-03	1.73088480e-03	1.16248385e-03	-1.34833887e-05	-5.72128040e-04	6.62398305e-04	-5.67844386e-04	1.31818987e-03	6.60161472e-04	5.40755064e-04	-7.27605661e-04	2.63054068e-04	1.15051399e-03	7.99336139e-04	5.75715773e-04	-2.94535852e-04	1.06076508e-03	7.18605067e-04	6.96979902e-04	1.83850296e-04	1.41099387e-03	6.42636695e-04	8.31021167e-05	1.23003193e-03	9.85801509e-04	3.39391021e-04	
2	1.77809723e-01	8.79104943e-02	4.91244606e-02	2.78130375e-02	1.76144453e-02	1.23085463e-02	1.19053762e-02	9.25725025e-03	5.34735571e-03	5.03827113e-02	2.44750351e-02	1.40179637e-02	1.18485314e-02	6.48384804e-03	3.38614032e-03	3.30173860e-03	2.11777457e-03	1.29320412e-02	1.01626241e-02	8.13807292e-03	4.91725040e-03	2.70301444e-03	1.92138881e-03	2.37057772e-03	5.18461304e-03	5.03662502e-03	2.61484043e-03	9.00826977e-04	6.43804967e-04	1.07560737e-03	3.22395302e-03	1.74074784e-03	4.90133696e-04	1.27538430e-04	2.28151656e-04	1.04605528e-03	4.55784523e-04	2.59032378e-04	-1.02345343e-04	8.83006475e-04	1.05484424e-03	4.18523195e-04	-5.45915545e-06	5.67008287e-05	7.21366162e-05	
3	-1.23010850e-01	-4.70789249e-02	-2.28849833e-02	-1.25592382e-02	-5.79047308e-03	-1.47712234e-03	-2.57691444e-03	-2.92993764e-03	-1.25717301e-03	-3.71268188e-02	-1.96569354e-02	-9.76844273e-03	-4.67577240e-03	-2.78985848e-03	-1.29872971e-03	-1.22181294e-03	-6.18521945e-04	-1.21384012e-02	-6.72113221e-03	-4.02288867e-03	-2.76887826e-03	-1.53387862e-03	-7.78986521e-04	-9.42675085e-04	-3.19413099e-03	-2.32485874e-03	-1.54524525e-03	-1.50332172e-03	-6.17261960e-04	-2.05720999e-04	-1.20423103e-03	-1.04469393e-03	-5.65629420e-04	-4.56873188e-04	-7.78902845e-06	-9.18414527e-04	-3.12136018e-04	-3.33012920e-04	9.65982868e-05	-9.55216511e-04	-1.04475559e-03	-7.53556495e-04	-8.08385308e-04	-7.87152328e-04	-2.53842454e-04	
4	1.02248651e-01	2.91571567e-02	1.03289305e-02	4.55785651e-03	3.53150910e-03	1.82108547e-03	-1.06872751e-03	5.06738302e-04	2.33050545e-05	3.27910665e-02	1.37412068e-02	6.99033153e-03	4.60826742e-03	2.08532441e-03	6.67854497e-04	1.00057767e-03	5.72304276e-04	1.41832896e-02	9.07454471e-03	4.07156757e-03	2.15535362e-03	1.82289243e-03	1.45883028e-03	1.73784227e-04	7.20601508e-03	3.83608881e-03	1.53943854e-03	1.23785249e-03	7.44873118e-04	6.98191943e-04	3.37883229e-03	1.54545848e-03	6.77660222e-04	1.12499117e-03	8.56161365e-04	1.41805483e-03	6.64048011e-04	1.15794564e-03	1.07702225e-03	5.45435171e-04	1.36130849e-03	9.49306929e-04	4.85140726e-04	4.91946146e-04	4.67301551e-04	
5	-8.25741732e-02	-1.87147538e-02	-5.55500734e-03	-9.60890467e-04	-4.51462247e-04	-1.38678048e-03	-9.43315190e-04	-6.04309394e-04	-9.63232079e-05	-2.94742126e-02	-8.86548021e-03	-2.75977449e-03	-2.86603150e-03	-1.37725825e-03	1.05039749e-04	-3.81139634e-04	-8.80008850e-04	-1.13524844e-02	-5.76524331e-03	-4.14759443e-03	-1.80927851e-03	-9.97047699e-04	-7.85121128e-04	-3.55505782e-04	-5.55883306e-03	-3.16631206e-03	-6.98576741e-04	-6.53496408e-04	-1.29861618e-03	-2.24952193e-04	-2.24654226e-03	-5.13740958e-04	-3.44195061e-04	-1.06742231e-03	-4.61621943e-04	-5.44047742e-04	-7.68818445e-04	-8.74692517e-04	-6.02964925e-04	-6.68329343e-04	-1.07603553e-03	-7.22334513e-04	1.57138796e-04	-2.32852350e-04	1.96603667e-05	
