## Order: 5
## Bins: 10
## Minimum Radius = 2.00e+01
## Maximum Radius = 1.60e+02
## Format: Row 1 = radial bin 1, Row 2 = radial bin 2, Rows 3+ = zeta_ell^ab
## Column 1 specifies the angular multipole
 	 0	 0	 0	 0	 0	 0	 0	 0	 0	 1	 1	 1	 1	 1	 1	 1	 1	 2	 2	 2	 2	 2	 2	 2	 3	 3	 3	 3	 3	 3	 4	 4	 4	 4	 4	 5	 5	 5	 5	 6	 6	 6	 7	 7	 8	 
	 1	 2	 3	 4	 5	 6	 7	 8	 9	 2	 3	 4	 5	 6	 7	 8	 9	 3	 4	 5	 6	 7	 8	 9	 4	 5	 6	 7	 8	 9	 5	 6	 7	 8	 9	 6	 7	 8	 9	 7	 8	 9	 8	 9	 9	
0	1.23378071e-01	5.26517608e-02	2.48617084e-02	1.10892670e-02	4.77893047e-03	-8.81739337e-04	-4.32467339e-03	-6.31038942e-03	-9.28643838e-03	1.67223209e-02	6.72597957e-03	2.10571424e-03	2.07883160e-03	-7.03866208e-05	-1.22542846e-03	-1.12969499e-03	-2.64492294e-03	-3.60896846e-03	-1.67300094e-03	-9.94449727e-04	-5.51130675e-04	-8.41306005e-04	1.99595698e-04	-3.32654890e-04	-4.02103001e-03	-2.03879142e-03	-7.96673362e-04	-4.41789851e-04	4.12657392e-04	-1.72365224e-04	-1.41778228e-03	-5.27419138e-04	-4.17704495e-04	-5.14387845e-05	-5.81821647e-05	-1.11788019e-03	-1.03940524e-03	-2.13216962e-04	-1.21536188e-05	-1.21578677e-03	-8.13945499e-05	5.32693365e-04	1.31350929e-04	1.00159044e-03	1.14277916e-03	
1	-4.73420262e-02	-1.83847803e-02	-5.16866964e-03	-6.69183358e-03	-7.90065909e-03	8.11646979e-04	9.86206149e-04	-3.39300343e-03	-1.10695304e-03	-6.92233156e-03	-2.74383468e-03	-5.07040728e-03	-3.73733197e-03	2.83338344e-03	1.48230943e-03	-1.53748242e-03	-1.38296091e-03	2.71054221e-03	2.10021852e-05	-5.94315339e-04	2.36290758e-03	1.41427738e-03	3.40363761e-04	2.36317244e-04	1.49595600e-03	2.61503363e-04	2.35165864e-03	2.16610835e-03	9.70665027e-04	6.26853784e-04	4.34419105e-04	2.08046958e-03	1.60766246e-03	6.21890155e-05	4.62306942e-05	1.22686509e-03	1.17037090e-03	-5.88506276e-04	-2.61194396e-04	1.48900368e-03	-1.87355397e-04	-3.73032123e-04	4.20317724e-04	-3.15647994e-05	5.05573986e-04	
2	1.72593791e-01	8.31930601e-02	4.63871581e-02	2.72846489e-02	1.40512319e-02	1.05967512e-02	7.27760440e-03	6.88623003e-03	4.93308468e-03	4.67108043e-02	2.41617080e-02	1.38754817e-02	8.73740138e-03	6.16469971e-03	4.10775126e-03	3.98401417e-03	4.27484159e-03	1.47905576e-02	1.09430309e-02	6.41115014e-03	3.82273825e-03	3.38519638e-03	3.16576167e-03	2.58155801e-03	5.28292129e-03	3.62636329e-03	1.87035768e-03	1.90414506e-03	1.49786962e-03	1.33272892e-03	8.10956280e-04	2.62731065e-04	6.59497003e-04	6.66602995e-04	4.83279956e-04	-2.79432039e-04	-1.14886771e-03	-3.53081446e-04	-1.64172806e-04	-1.01409650e-03	3.01940091e-05	4.29478802e-04	-1.23130922e-03	-2.01338809e-04	-1.03715752e-03	
3	-1.25251888e-01	-4.43849091e-02	-1.95765133e-02	-1.11827831e-02	-7.23970299e-03	-2.47466107e-03	-1.51395454e-03	-1.20580514e-03	-2.11854965e-03	-3.71549293e-02	-1.94286165e-02	-8.03834404e-03	-3.57547375e-03	-1.91776228e-03	-1.29387203e-03	-8.39101831e-04	-1.03046204e-03	-1.33067770e-02	-5.85171268e-03	-2.89429959e-03	-2.90624886e-03	-1.34367532e-03	-6.61805158e-04	-1.06676008e-03	-3.52902690e-03	-3.47933970e-03	-2.20046110e-03	-1.53811593e-03	-7.08215664e-04	-5.15448770e-04	-9.36856869e-04	-2.89163372e-04	-7.64274568e-04	-4.54606893e-04	-4.38090765e-05	-6.91827161e-04	-7.40858221e-04	-3.78624421e-04	2.11806773e-04	-1.13797074e-03	-9.39344332e-04	-6.79710500e-04	-5.83855586e-05	1.18350117e-04	6.41944172e-04	
4	1.00245286e-01	2.88880795e-02	9.57318901e-03	5.84437093e-03	4.43948890e-03	7.56412385e-04	-1.56359321e-03	4.82008506e-04	4.89783833e-04	3.16283082e-02	1.14025917e-02	7.11769884e-03	4.04041107e-03	8.67045282e-04	1.05490500e-03	3.72368050e-04	6.08412155e-04	1.22067575e-02	7.38696631e-03	3.68212022e-03	1.63730205e-03	1.92977960e-03	9.18990009e-04	2.16443621e-04	5.29952933e-03	4.40176501e-03	2.34157463e-03	1.35942022e-03	7.54473583e-05	-6.03153030e-04	2.32110572e-03	1.19055149e-03	1.12915563e-03	3.39866678e-04	3.62577378e-05	4.64107027e-04	9.13299588e-04	6.36432507e-04	1.86668621e-05	1.16208104e-03	1.24238074e-03	4.73002877e-04	4.23973911e-04	-2.26844187e-04	-1.05226859e-03	
5	-8.31227752e-02	-1.84356594e-02	-5.22467462e-03	-8.16546595e-04	-1.46323033e-03	-1.10369615e-03	5.40434637e-04	-1.72678433e-04	4.64094528e-04	-2.90301058e-02	-8.31007806e-03	-3.21901789e-03	-2.55550075e-03	-1.45783835e-03	-4.72105272e-04	1.43852842e-04	1.66960171e-04	-1.17198461e-02	-6.44170259e-03	-4.03254221e-03	-1.76595684e-03	-1.32883742e-03	-2.67260715e-04	-7.82111308e-05	-5.57481651e-03	-3.11862971e-03	-6.07209752e-04	-8.74420642e-04	-1.83356358e-04	3.58189087e-04	-1.75558653e-03	-5.49700051e-04	-7.31944121e-04	-7.00081353e-04	3.37886432e-04	-2.89325293e-04	-2.45366313e-04	-3.95466023e-04	-1.69932670e-04	2.92308391e-04	7.18803979e-05	-1.51599825e-04	4.88763217e-04	3.18074034e-05	6.52306828e-04	
