## Order: 5
## Bins: 10
## Minimum Radius = 2.00e+01
## Maximum Radius = 1.60e+02
## Format: Row 1 = radial bin 1, Row 2 = radial bin 2, Rows 3+ = zeta_ell^ab
## Column 1 specifies the angular multipole
 	 0	 0	 0	 0	 0	 0	 0	 0	 0	 1	 1	 1	 1	 1	 1	 1	 1	 2	 2	 2	 2	 2	 2	 2	 3	 3	 3	 3	 3	 3	 4	 4	 4	 4	 4	 5	 5	 5	 5	 6	 6	 6	 7	 7	 8	 
	 1	 2	 3	 4	 5	 6	 7	 8	 9	 2	 3	 4	 5	 6	 7	 8	 9	 3	 4	 5	 6	 7	 8	 9	 4	 5	 6	 7	 8	 9	 5	 6	 7	 8	 9	 6	 7	 8	 9	 7	 8	 9	 8	 9	 9	
0	1.13867442e-01	4.98145856e-02	2.35400354e-02	5.19679281e-03	2.27948593e-03	-1.73289256e-03	-8.82536121e-03	-8.12644066e-03	-7.62818867e-03	1.66604645e-02	7.12820479e-03	-1.34806906e-05	-7.63845900e-04	-4.46317216e-03	-6.73409548e-03	-3.41621197e-03	-2.83591603e-03	2.95731563e-04	-6.49106952e-04	3.66526612e-04	-2.59109775e-03	-3.42318528e-03	-1.75149166e-03	-8.78047678e-04	-3.25699829e-03	-1.10052059e-03	-2.19266869e-03	-2.00444094e-03	-7.90878405e-04	-5.15678261e-04	-2.33516653e-03	-2.48192704e-03	-1.90705907e-03	-1.23912708e-03	-6.53822552e-04	-1.76191556e-03	-1.40664117e-03	-1.04853831e-03	1.32637908e-05	-1.24437289e-03	-7.32805992e-04	4.59641022e-04	-9.07065889e-04	5.98522666e-06	-4.96269105e-04	
1	-3.88272618e-02	-1.14743866e-02	-8.52279840e-03	-5.76769286e-03	-3.60824007e-03	2.08197920e-03	6.41696408e-05	-2.11316615e-03	6.34263416e-04	8.70717221e-04	-2.95473001e-03	-6.13634212e-03	-4.28755490e-03	2.38033866e-03	2.31935986e-03	5.29830889e-04	1.64289091e-04	3.95494677e-05	-3.81970932e-03	-2.99778972e-03	2.37557046e-03	1.89797588e-03	4.64678387e-04	1.03010230e-04	2.35360465e-03	4.94189478e-04	2.70480807e-03	1.76974195e-03	-6.02370148e-04	-1.06549813e-03	2.44911016e-03	2.99096680e-03	1.87857406e-03	-2.28709424e-05	-5.31158735e-04	2.14205038e-03	9.89527164e-04	-6.45945362e-04	-6.69106234e-04	1.94894373e-03	-1.88972015e-04	-1.80322019e-04	9.24325185e-04	8.04071618e-04	1.19864403e-03	
2	1.79741426e-01	8.41323088e-02	5.05009326e-02	3.19691250e-02	2.00416528e-02	1.55362406e-02	1.35230015e-02	1.18441017e-02	7.09199529e-03	4.60549768e-02	2.58093813e-02	1.84634037e-02	1.29486600e-02	9.39583040e-03	6.96677985e-03	5.78892489e-03	4.07449314e-03	1.17100942e-02	1.13884778e-02	9.83971992e-03	5.57605062e-03	4.21177972e-03	2.79355366e-03	2.24312000e-03	5.68614824e-03	5.42135389e-03	2.43880159e-03	1.81299032e-03	1.80362853e-03	1.23378867e-03	7.03847083e-04	1.44192702e-04	5.54557096e-04	1.50689399e-03	9.07036905e-04	-1.11407108e-03	-6.09424069e-04	3.97557164e-04	8.98246063e-04	-1.76921357e-03	2.08116854e-05	9.28362966e-04	-1.57105188e-03	4.83086170e-04	-4.62626103e-04	
3	-1.23875447e-01	-4.51990247e-02	-2.08074513e-02	-1.34407695e-02	-6.92392872e-03	-3.43778839e-04	-2.67681383e-03	-4.44998845e-03	-1.57665628e-03	-3.46547126e-02	-1.88297518e-02	-1.06152502e-02	-5.23850963e-03	-2.08949906e-03	-2.80343327e-03	-2.38789689e-03	-1.29221830e-03	-1.22149338e-02	-6.32511071e-03	-5.71121982e-03	-3.23355539e-03	-2.48452104e-03	-1.26121369e-03	-1.01627163e-03	-4.17076153e-03	-5.06308723e-03	-4.20131869e-03	-2.63148394e-03	-1.97711800e-03	-5.49594153e-04	-1.94046041e-03	-2.73364647e-03	-2.04215232e-03	-1.78755202e-03	-9.96176431e-04	-9.27842202e-04	-4.94257202e-04	-1.07889098e-03	-7.94735689e-04	5.03753976e-04	-6.73202602e-04	-8.92214031e-04	7.24044291e-04	7.20293964e-05	6.74127313e-04	
4	1.01540313e-01	2.94046909e-02	1.11384282e-02	4.19694721e-03	5.44744465e-03	1.35228373e-03	5.62450048e-04	9.79509806e-04	6.94949604e-04	3.08413139e-02	1.39035227e-02	6.97435749e-03	4.50589540e-03	1.48746372e-03	-8.55086821e-05	8.33837590e-04	1.43816243e-03	1.31342146e-02	6.37327832e-03	3.03184483e-03	1.64393379e-03	5.00105394e-04	8.90274195e-04	8.64864493e-04	3.23058172e-03	2.42612816e-03	1.04823402e-03	7.32292508e-04	3.52643613e-04	5.58724697e-05	1.66658993e-03	1.05964819e-03	7.20347874e-04	3.52046215e-04	-1.35345726e-05	1.20989152e-03	1.03832916e-03	3.75329102e-04	1.65844506e-05	2.96246999e-05	3.95638209e-04	-1.88334987e-04	-6.52970788e-04	-2.38532274e-04	-6.81781564e-04	
5	-8.17935586e-02	-1.83059044e-02	-6.28092008e-03	-7.78893635e-04	6.29635785e-05	-1.18929692e-03	-2.37517267e-04	-2.93947722e-04	-4.03720865e-04	-2.86592158e-02	-9.28378677e-03	-2.86077854e-03	-2.04088226e-03	-1.93475069e-03	5.69306417e-04	3.36112273e-04	-2.67376161e-04	-9.45079676e-03	-5.52340805e-03	-2.39207545e-03	-1.89800639e-03	-2.02755239e-05	5.21245304e-04	5.49701952e-04	-4.58151165e-03	-1.78921141e-03	1.53520044e-04	6.70201702e-04	1.22329517e-04	6.18672527e-04	-6.58274873e-04	-4.13768809e-04	2.64039001e-04	5.47379158e-04	2.67682031e-04	-5.38273800e-04	-2.92232403e-04	1.04226854e-04	2.92011181e-04	-2.73515119e-04	-4.77574901e-04	-3.51575349e-04	1.99729460e-04	-2.85278286e-04	7.37412951e-06	
