## Order: 5
## Bins: 10
## Minimum Radius = 2.00e+01
## Maximum Radius = 1.60e+02
## Format: Row 1 = radial bin 1, Row 2 = radial bin 2, Rows 3+ = zeta_ell^ab
## Column 1 specifies the angular multipole
 	 0	 0	 0	 0	 0	 0	 0	 0	 0	 1	 1	 1	 1	 1	 1	 1	 1	 2	 2	 2	 2	 2	 2	 2	 3	 3	 3	 3	 3	 3	 4	 4	 4	 4	 4	 5	 5	 5	 5	 6	 6	 6	 7	 7	 8	 
	 1	 2	 3	 4	 5	 6	 7	 8	 9	 2	 3	 4	 5	 6	 7	 8	 9	 3	 4	 5	 6	 7	 8	 9	 4	 5	 6	 7	 8	 9	 5	 6	 7	 8	 9	 6	 7	 8	 9	 7	 8	 9	 8	 9	 9	
0	1.09905941e-01	4.73888074e-02	2.26334574e-02	1.29297022e-02	8.39608867e-03	4.94410884e-03	7.57034296e-04	-1.37924888e-03	-4.08696708e-04	1.62809360e-02	9.09857034e-03	5.86436207e-03	4.69784568e-03	1.06184970e-03	-7.47596825e-04	-1.45081899e-03	-1.17348400e-04	5.74302114e-04	2.28954691e-03	1.47487485e-03	-9.39161530e-04	-1.52273112e-03	-1.85914406e-03	-1.54685440e-03	3.09761671e-03	2.14733401e-03	-5.28382685e-04	-7.70947627e-04	-1.63033527e-03	-1.07384568e-03	1.93765071e-03	-6.21554390e-05	-4.20713658e-04	-8.08022155e-04	-1.82617262e-04	-3.73407427e-04	-5.82364677e-04	-2.00555809e-04	-2.02110938e-04	-3.00948780e-04	1.89811812e-04	-1.16994297e-04	5.34406214e-05	1.74469990e-04	-2.08888491e-04	
1	-3.07948099e-02	-1.47061184e-02	-4.68839478e-03	-5.76830505e-03	-4.24010907e-03	1.46007600e-03	4.20795578e-04	1.27801746e-03	6.98063503e-04	-6.99594132e-04	-6.33730260e-03	-6.80296460e-03	-2.92516976e-03	2.14865001e-03	1.96310248e-03	1.13038098e-03	1.29116360e-03	-4.57623212e-04	-4.35534666e-03	-1.93570084e-03	1.28400711e-03	2.36653624e-03	2.00747598e-03	8.62708617e-04	-1.39058810e-03	-1.71345357e-03	2.02238477e-04	5.91717753e-04	2.88926249e-04	8.15370214e-04	-1.40331593e-03	-1.06913677e-05	-6.71156084e-04	-6.72091025e-04	2.06241913e-04	-1.16056572e-03	-1.05520722e-03	-1.10541342e-03	-1.36226698e-04	-5.14938547e-04	-1.08992839e-03	-4.16390721e-04	-2.60834631e-04	-4.84056647e-04	8.93706171e-05	
2	1.87833806e-01	9.75321522e-02	5.44768853e-02	3.01653580e-02	1.77838682e-02	1.35252690e-02	1.29675338e-02	1.38459928e-02	1.03629377e-02	4.48337734e-02	2.56334239e-02	1.42615992e-02	8.97604726e-03	6.57371278e-03	6.67679841e-03	7.40142423e-03	6.07401394e-03	9.46416068e-03	8.46437473e-03	5.09296598e-03	4.64264358e-03	4.13215858e-03	4.36600837e-03	3.75219545e-03	2.29299482e-03	3.58482959e-03	2.33964159e-03	2.00392234e-03	2.41221746e-03	1.63027478e-03	1.36806832e-03	9.43603948e-04	3.81194774e-04	8.34267957e-04	9.18258097e-04	-2.51865861e-04	-1.48328701e-04	3.92208243e-04	5.72897936e-04	-7.07979337e-04	5.94073062e-05	7.57942398e-04	-8.05806192e-04	3.61105460e-04	-7.13670697e-04	
3	-1.28512096e-01	-4.84045403e-02	-2.30792857e-02	-1.33310563e-02	-6.95100383e-03	-1.73336482e-03	-7.00785702e-04	-3.11671722e-03	-1.82976253e-03	-3.64733898e-02	-2.03953711e-02	-9.13179464e-03	-2.82802342e-03	-5.25633221e-04	1.62961149e-04	-1.72912301e-03	-2.16284468e-03	-9.08207561e-03	-5.09866056e-03	-2.43400788e-03	-1.22714868e-03	-1.38885894e-03	-1.34836690e-03	-1.41303694e-03	-1.07145540e-03	-1.31524454e-03	-1.06686743e-03	-1.11541578e-03	-1.84078271e-03	-1.24096164e-03	-6.27340417e-04	-1.06013173e-03	-1.69936363e-04	-1.50339486e-03	-8.67986950e-04	-4.27455868e-04	-1.92427711e-04	-5.63984083e-04	-2.11527684e-05	6.29069243e-04	3.85881348e-04	1.25673398e-05	1.64180673e-03	5.46117724e-04	1.11931402e-03	
4	1.06998797e-01	3.32041115e-02	1.52417378e-02	7.94528586e-03	6.00497823e-03	2.29340796e-03	7.06757348e-04	-6.40230243e-04	4.45507818e-04	3.34127225e-02	1.53104087e-02	9.06365149e-03	4.80800737e-03	1.44402553e-03	5.54180823e-04	2.44765269e-04	1.00077291e-03	1.17149691e-02	8.35952737e-03	3.42347934e-03	8.17140206e-04	4.28051796e-04	-5.36660338e-04	-5.49885771e-04	3.50130726e-03	2.22489674e-03	-1.45197136e-04	4.24594131e-04	-7.08736891e-04	-4.51100564e-04	1.56142588e-03	3.61450758e-04	5.63843123e-05	-1.39014193e-04	1.58842453e-04	1.10635357e-03	5.18290776e-04	-4.93265918e-05	4.76419947e-04	4.82149685e-04	-1.26253556e-05	-8.72515902e-05	-3.23394861e-04	-2.37150031e-04	-1.63250600e-04	
5	-8.13337108e-02	-2.06915139e-02	-6.97913619e-03	-3.43283428e-03	-2.30286551e-03	-1.60608166e-03	5.16228994e-04	-8.95921140e-05	-3.07496734e-05	-2.82248681e-02	-8.57031904e-03	-3.21148479e-03	-2.12048727e-03	-1.20073601e-03	-1.27955436e-03	4.54346443e-04	-3.07630246e-04	-9.73124924e-03	-6.07311937e-03	-3.25968932e-03	-1.42115060e-03	-2.88992611e-05	1.02840579e-04	-1.37010057e-04	-5.38750076e-03	-3.19786675e-03	-1.40900330e-03	-7.38105886e-04	-3.26434526e-04	-4.26770298e-04	-1.27917207e-03	-6.26744451e-04	-6.40308766e-05	3.64904147e-04	-8.39465894e-05	-8.42187884e-04	-2.25968232e-04	3.72639795e-04	-1.50976760e-04	-1.32093956e-03	-6.26983039e-04	-6.46532090e-04	-1.00464405e-04	-4.48168129e-04	4.21040947e-05	
