## Order: 5
## Bins: 10
## Minimum Radius = 2.00e+01
## Maximum Radius = 1.60e+02
## Format: Row 1 = radial bin 1, Row 2 = radial bin 2, Rows 3+ = zeta_ell^ab
## Column 1 specifies the angular multipole
 	 0	 0	 0	 0	 0	 0	 0	 0	 0	 1	 1	 1	 1	 1	 1	 1	 1	 2	 2	 2	 2	 2	 2	 2	 3	 3	 3	 3	 3	 3	 4	 4	 4	 4	 4	 5	 5	 5	 5	 6	 6	 6	 7	 7	 8	 
	 1	 2	 3	 4	 5	 6	 7	 8	 9	 2	 3	 4	 5	 6	 7	 8	 9	 3	 4	 5	 6	 7	 8	 9	 4	 5	 6	 7	 8	 9	 5	 6	 7	 8	 9	 6	 7	 8	 9	 7	 8	 9	 8	 9	 9	
0	1.24923454e-01	6.14573384e-02	3.05711032e-02	1.57629015e-02	1.22666174e-02	7.38373537e-03	2.27779603e-03	2.42052922e-03	2.48343461e-03	2.04895838e-02	1.36297473e-02	6.05810272e-03	1.33926387e-03	-9.42763489e-04	-2.75286526e-03	-9.78323681e-04	-2.53399914e-04	5.35504338e-03	3.04660761e-03	-5.85063942e-04	-2.45396072e-03	-2.96387194e-03	-1.24266012e-03	-7.25998458e-04	-8.15896916e-04	-1.92107610e-03	-2.93004219e-03	-3.41819242e-03	-1.92559493e-03	-1.35465462e-03	-9.94881559e-04	-1.55940254e-03	-2.48795848e-03	-1.76754922e-03	-1.09915678e-03	-2.21341442e-03	-1.69628721e-03	-8.02219740e-04	-6.62682253e-05	-8.36685151e-04	2.41210530e-04	4.10877585e-04	-2.88762536e-04	-1.43905613e-04	-3.15155090e-04	
1	-3.52584625e-02	-1.66658100e-02	-1.05488574e-02	-3.24174028e-03	-4.30384257e-03	-1.04337429e-03	-5.35025287e-04	5.60537760e-04	1.36848621e-03	-4.69070078e-03	-5.76726417e-03	-4.72732336e-03	-3.70064041e-03	1.47305656e-04	1.01472869e-03	7.55294276e-04	8.03400247e-04	-3.06073808e-03	-3.98026027e-03	-1.95580025e-03	1.19794647e-03	1.52890698e-03	5.06483002e-04	3.37064369e-04	-1.72616798e-03	-1.21532082e-03	2.11151723e-03	2.06747955e-03	5.78451687e-04	5.92800674e-04	-1.12303040e-03	1.32636631e-03	1.15572373e-03	8.40791507e-04	1.06651880e-03	1.14035403e-03	1.37325024e-03	1.17372533e-03	9.54996217e-04	1.63251049e-03	6.05619411e-04	8.08513235e-04	5.62034369e-04	7.02631246e-04	3.19434807e-04	
2	1.87947462e-01	8.78347545e-02	5.30437794e-02	3.04157507e-02	1.70934186e-02	1.26523608e-02	1.03874729e-02	8.98348028e-03	7.65137073e-03	4.60058970e-02	2.77530320e-02	1.56134248e-02	1.14416946e-02	9.04335630e-03	6.04285309e-03	5.12938795e-03	3.32836101e-03	1.46360056e-02	9.39229290e-03	8.86439753e-03	6.14548749e-03	4.23770630e-03	3.02870592e-03	2.57679305e-03	5.61888570e-03	6.85175192e-03	4.59480999e-03	3.11282060e-03	2.03657419e-03	1.67931435e-03	3.31056658e-03	2.13114149e-03	1.50892664e-03	1.19530647e-03	4.28069821e-04	3.49894737e-04	4.55803020e-04	4.22470554e-04	2.32787906e-04	-1.91128304e-05	9.73516725e-05	8.93179653e-05	-6.84787294e-04	-3.81604348e-04	-5.60166732e-04	
3	-1.33315219e-01	-5.16513241e-02	-2.25384178e-02	-1.35542250e-02	-8.04624144e-03	-3.08926832e-03	-2.45511913e-03	-2.53669274e-03	-8.60274913e-04	-4.05915018e-02	-1.87907734e-02	-1.01678399e-02	-4.50608068e-03	-3.98883108e-03	-2.15115101e-03	-2.20637643e-03	-1.41294340e-03	-1.27296962e-02	-6.18631387e-03	-4.59515673e-03	-4.61830834e-03	-3.00838211e-03	-1.57910609e-03	-2.94246670e-04	-2.55774739e-03	-3.42253402e-03	-4.18254386e-03	-2.36473440e-03	-1.06598136e-03	-5.30787259e-04	-1.58485438e-03	-2.30357813e-03	-8.17295165e-04	-8.16665743e-04	-5.79468808e-04	-1.28776796e-03	-2.43138126e-04	-5.71190160e-04	-4.93123414e-04	2.00314374e-05	-2.32515850e-04	-3.99322390e-04	1.57074465e-04	-1.19582470e-04	-3.52082733e-04	
4	1.06237469e-01	3.09837618e-02	9.75222739e-03	3.90295270e-03	2.16367055e-03	-1.71848775e-04	-2.31743295e-03	-9.46805031e-04	-1.75593386e-03	3.55700523e-02	1.41784060e-02	6.12180261e-03	2.00709565e-03	9.84726051e-04	1.37129603e-04	-8.76414946e-05	2.46552570e-04	1.56529072e-02	6.94654409e-03	1.19068463e-03	5.16120265e-04	3.44798094e-04	3.99855688e-04	5.50098717e-04	4.87806052e-03	2.22118280e-03	1.67803799e-03	1.00662332e-03	8.85514587e-04	3.33182166e-04	1.46264870e-03	1.19161099e-03	1.15578510e-03	3.49359889e-04	7.90440744e-05	1.95893034e-03	1.49095250e-03	9.78336299e-04	6.42044247e-04	7.09994632e-04	5.51929025e-04	8.82076720e-04	-1.40383528e-04	4.24465927e-04	-2.33620722e-04	
5	-8.31665381e-02	-1.62286997e-02	-4.70328413e-03	-7.30073936e-04	-2.50977285e-05	2.75148024e-04	3.56118192e-04	-3.26010420e-04	6.83418035e-04	-3.09512683e-02	-9.22614252e-03	-2.66542288e-03	-6.68305184e-04	-4.85800149e-04	-2.34171489e-04	6.39948302e-04	-4.63238238e-05	-1.22478856e-02	-4.76590093e-03	-1.15586984e-03	-1.80719867e-04	1.67174388e-04	4.77866488e-04	5.39967181e-05	-5.08965415e-03	-1.26980199e-03	-5.40124063e-04	-6.24369049e-04	-9.27031823e-04	-4.21880466e-04	-2.85555513e-03	-1.49643305e-03	-6.45590224e-04	-1.06984290e-03	-2.61744467e-04	-2.09654884e-03	-1.00894160e-03	-7.84888050e-04	-2.70270464e-04	-1.70201850e-03	-1.08034012e-03	-5.40751990e-04	-7.12593734e-04	-5.24391805e-04	-7.17035318e-04	
