## Order: 5
## Bins: 10
## Minimum Radius = 2.00e+01
## Maximum Radius = 1.60e+02
## Format: Row 1 = radial bin 1, Row 2 = radial bin 2, Rows 3+ = zeta_ell^ab
## Column 1 specifies the angular multipole
 	 0	 0	 0	 0	 0	 0	 0	 0	 0	 1	 1	 1	 1	 1	 1	 1	 1	 2	 2	 2	 2	 2	 2	 2	 3	 3	 3	 3	 3	 3	 4	 4	 4	 4	 4	 5	 5	 5	 5	 6	 6	 6	 7	 7	 8	 
	 1	 2	 3	 4	 5	 6	 7	 8	 9	 2	 3	 4	 5	 6	 7	 8	 9	 3	 4	 5	 6	 7	 8	 9	 4	 5	 6	 7	 8	 9	 5	 6	 7	 8	 9	 6	 7	 8	 9	 7	 8	 9	 8	 9	 9	
0	1.03167720e-01	4.40097724e-02	1.76415698e-02	5.28343580e-03	2.81945570e-03	9.75459778e-05	-4.11707246e-03	-7.68253007e-03	-1.08568486e-02	9.30404093e-03	5.40152752e-03	1.77590252e-03	2.07158325e-03	9.74442785e-04	-4.41087741e-04	-1.77823871e-03	-2.84432514e-03	-5.58806688e-04	1.01129820e-03	2.05453725e-03	8.00013309e-04	6.69329895e-04	1.16965200e-04	-6.39816482e-05	-1.69889810e-03	1.50725543e-03	4.49416123e-04	1.23309757e-03	3.35224609e-04	4.97361784e-05	-2.52140911e-04	-3.07596762e-05	9.32766523e-04	3.47447062e-04	-9.28823332e-05	-1.03293266e-03	9.55880439e-05	-5.28376133e-04	-5.24770395e-04	-1.50844029e-03	-1.13856417e-03	-6.43125047e-04	-1.57200202e-03	-1.23836125e-03	-1.06829586e-03	
1	-3.04298121e-02	-1.70786185e-02	-7.64642150e-03	-3.19246927e-03	-2.95012142e-03	7.75176838e-04	-7.88165533e-04	-1.65563413e-03	-4.82252396e-04	1.07717984e-05	-2.07322402e-03	-1.75360829e-03	-2.48681598e-03	6.96318485e-04	2.38360764e-04	-1.07344543e-03	-1.31990520e-04	4.20651817e-03	1.10896441e-03	-1.58152366e-03	2.97823082e-04	-2.92876742e-04	-8.95978633e-04	-9.24687539e-04	3.56637824e-03	-7.77341932e-04	1.52095611e-03	9.71946723e-04	-2.99399343e-05	-7.16641205e-04	1.24917405e-03	1.57450822e-03	1.22444408e-03	2.55627557e-04	-2.00385152e-05	7.22794618e-04	5.67013297e-04	3.70948173e-04	-2.14924351e-04	1.49749727e-03	9.06776207e-04	3.65101207e-04	1.31352037e-03	7.09636913e-04	1.17964973e-03	
2	1.84535923e-01	8.80345244e-02	4.94693593e-02	3.03409883e-02	1.74917414e-02	1.25145850e-02	1.05930303e-02	1.01850829e-02	8.26428619e-03	4.48309476e-02	2.73475752e-02	1.56591504e-02	1.02493716e-02	6.96885428e-03	4.52127126e-03	4.77376775e-03	4.61763217e-03	1.18219886e-02	8.17672534e-03	5.23090660e-03	3.70031444e-03	2.51568973e-03	1.17824123e-03	1.92808565e-03	2.34940295e-03	3.51910402e-03	3.55920656e-03	2.81833370e-03	1.01199011e-03	1.15265709e-03	7.46501910e-04	1.65976250e-03	2.12098646e-03	1.32327548e-03	1.89527917e-03	2.55656589e-04	1.11544236e-03	9.46918028e-04	1.01350574e-03	4.94748161e-04	4.34801064e-04	8.08717005e-04	-3.19405073e-04	5.69285748e-04	-2.68795919e-04	
3	-1.27314610e-01	-4.72443569e-02	-2.43599763e-02	-1.30420469e-02	-5.90676616e-03	-2.48678527e-03	-1.67890305e-03	-1.42709272e-03	-2.53562745e-03	-3.62692498e-02	-2.08253282e-02	-1.12637118e-02	-4.92438314e-03	-2.23628169e-03	-1.14927122e-03	-3.05746487e-04	-1.28662514e-03	-1.13449423e-02	-7.09552748e-03	-3.73590029e-03	-1.60901123e-03	-2.50346949e-03	-1.15219966e-03	-3.18968157e-04	-3.62108395e-03	-2.65472480e-03	-2.33458588e-03	-2.02313479e-03	-1.46473514e-03	2.52472322e-04	-2.04221685e-03	-2.19612667e-03	-1.84708428e-03	-1.70793675e-03	-9.22193203e-04	-5.03385720e-04	-9.68333658e-04	-9.94658433e-04	-1.05047075e-03	-8.37588331e-04	-1.30686909e-03	-1.43408386e-03	-9.22383072e-04	-1.15342150e-03	-6.60269913e-05	
4	1.02949952e-01	3.16301879e-02	1.14430555e-02	4.42857032e-03	2.61951606e-03	1.38331993e-03	5.31837266e-04	7.82224483e-04	4.38419785e-05	3.33681175e-02	1.30827219e-02	6.77116428e-03	2.36958891e-03	2.34225521e-03	1.27080934e-03	3.59247942e-04	4.80673207e-04	1.10249425e-02	7.48055022e-03	3.00842184e-03	7.88186907e-04	8.76620582e-04	7.44386051e-04	-3.53716753e-04	3.47116261e-03	2.84625111e-03	8.96621127e-04	4.94031544e-04	8.80421471e-04	-8.52883028e-05	1.36482990e-03	6.51085702e-04	-2.22551258e-05	6.65655821e-04	-5.75019619e-04	-1.91866128e-04	-5.65459055e-05	3.16261371e-04	-4.09949161e-04	-7.33376994e-04	1.65758900e-04	3.37383040e-04	-5.83431209e-04	2.43059080e-04	-5.82048996e-04	
5	-7.78367402e-02	-2.01670520e-02	-8.17229701e-03	-1.34779851e-03	-4.74918026e-04	-1.41740544e-03	-1.45912510e-05	-9.80881333e-05	6.06105743e-04	-2.97054792e-02	-1.04148587e-02	-4.02264401e-03	-2.17534700e-03	-1.02471478e-03	4.95635239e-04	-1.49920786e-04	-3.80689571e-04	-9.73703588e-03	-5.88910991e-03	-2.25071909e-03	-3.09225719e-04	-1.92628265e-04	-3.50261954e-04	-1.73900765e-04	-4.64592145e-03	-2.05602113e-03	-8.95175823e-04	-3.67184362e-04	-5.46791605e-04	-2.77323123e-04	-5.07229097e-04	-5.35413157e-04	4.01824492e-04	-7.32926495e-05	-4.11233158e-04	-5.35023621e-04	-4.22397863e-04	-5.49503928e-04	-4.14610683e-04	-4.20577110e-04	-1.10560839e-03	-5.85192721e-04	3.24355058e-04	-3.74383138e-04	1.54632240e-04	
