## Order: 5
## Bins: 10
## Minimum Radius = 2.00e+01
## Maximum Radius = 1.60e+02
## Format: Row 1 = radial bin 1, Row 2 = radial bin 2, Rows 3+ = zeta_ell^ab
## Column 1 specifies the angular multipole
 	 0	 0	 0	 0	 0	 0	 0	 0	 0	 1	 1	 1	 1	 1	 1	 1	 1	 2	 2	 2	 2	 2	 2	 2	 3	 3	 3	 3	 3	 3	 4	 4	 4	 4	 4	 5	 5	 5	 5	 6	 6	 6	 7	 7	 8	 
	 1	 2	 3	 4	 5	 6	 7	 8	 9	 2	 3	 4	 5	 6	 7	 8	 9	 3	 4	 5	 6	 7	 8	 9	 4	 5	 6	 7	 8	 9	 5	 6	 7	 8	 9	 6	 7	 8	 9	 7	 8	 9	 8	 9	 9	
0	1.09461975e-01	4.41182663e-02	2.36958164e-02	1.11908446e-02	7.43552484e-03	3.09174888e-04	-3.78816293e-03	-6.92955032e-03	-6.94655417e-03	1.14507682e-02	8.62612602e-03	6.90000557e-03	3.65558678e-03	6.46945793e-04	-1.57917676e-03	-2.29285314e-03	-2.30220266e-03	-1.72781718e-03	1.24729025e-03	1.27683673e-03	-7.13753042e-04	-1.48862142e-03	-1.11009356e-03	-3.67589591e-04	-6.19323129e-04	9.36531679e-04	-7.66593570e-04	-1.17143910e-03	-8.00258808e-04	-2.41593270e-04	6.49123881e-04	-2.99852610e-04	-8.37736074e-04	-1.59269593e-03	-5.53607952e-04	-2.94761173e-04	-3.66673100e-04	-5.16329371e-04	-2.56093499e-04	-1.35416118e-03	-7.45111554e-04	-7.11609766e-05	-6.78630217e-04	-4.74799937e-04	-9.87665758e-05	
1	-4.32652289e-02	-1.47861180e-02	-4.81609209e-03	-7.60770941e-03	-4.10483896e-03	9.77696806e-04	-9.84822888e-04	-2.02134056e-03	7.26801643e-04	2.51102262e-03	-3.49663688e-03	-5.20673381e-03	-3.43122756e-03	8.19709233e-04	7.83801401e-04	-2.33014654e-04	-6.06543927e-04	1.25191621e-03	-2.20520879e-03	-1.15588109e-03	1.57869257e-03	1.31577576e-03	5.33838390e-04	-4.19193565e-04	-1.21765065e-04	-5.64244046e-04	2.32450919e-03	1.84256912e-03	6.19299408e-04	3.18900289e-04	-3.22600528e-04	6.06496362e-04	1.80709906e-04	4.17316975e-05	7.94463309e-04	-1.28058675e-04	-3.22705581e-04	-3.45403267e-04	-2.46001097e-04	1.41551482e-04	2.83972094e-04	-1.22021725e-04	6.72755833e-04	5.80080517e-05	1.49323244e-04	
2	1.80407369e-01	8.80249495e-02	4.43032190e-02	2.48952441e-02	1.49795242e-02	1.10962402e-02	1.16720896e-02	8.81686557e-03	6.41541886e-03	4.39582025e-02	2.20069555e-02	1.39891418e-02	8.72840385e-03	6.75631436e-03	6.19184159e-03	4.43584896e-03	4.00628524e-03	1.07197618e-02	8.37015358e-03	6.75285921e-03	4.35211259e-03	4.22780533e-03	2.13904684e-03	2.05733307e-03	4.05567653e-03	4.11712073e-03	2.81372759e-03	2.81702209e-03	1.66293547e-03	1.63449258e-03	1.26021247e-03	1.13029035e-03	1.70759257e-03	1.46749734e-03	1.65772129e-03	-2.77784653e-04	3.28018747e-04	8.49005597e-04	8.86693290e-04	-5.35098136e-07	6.10880590e-04	5.84499629e-04	-2.19796913e-04	1.36637032e-04	-9.72437448e-04	
3	-1.24242859e-01	-4.63337503e-02	-2.11624774e-02	-1.22297332e-02	-4.76961498e-03	-1.09084177e-03	-2.00387978e-03	-1.93188002e-03	-2.61725053e-03	-3.67109182e-02	-1.92801595e-02	-8.27261428e-03	-3.84795543e-03	-4.60231515e-04	-1.54966149e-03	-1.05984839e-03	-2.57102795e-03	-9.58975988e-03	-6.71485361e-03	-2.95631856e-03	-1.47772807e-03	-1.16231041e-03	-1.02708782e-03	-1.30937778e-03	-2.85715071e-03	-1.94632540e-03	-1.40083308e-03	-1.08949195e-03	-1.36407628e-04	3.27103812e-05	-8.48553369e-04	-8.10893764e-04	-5.35938193e-04	-6.93420248e-05	1.13120326e-04	-7.41558737e-05	3.34734103e-04	-6.57966236e-05	-1.14638938e-04	1.14362849e-03	1.84986888e-04	-3.46815341e-04	1.33388922e-03	1.52172132e-04	9.24164875e-04	
4	1.04491946e-01	3.02266099e-02	1.25250796e-02	5.94871749e-03	4.20166883e-03	3.81055542e-04	-6.07249640e-04	1.09222125e-03	1.20264801e-03	3.18932371e-02	1.33076971e-02	7.99936580e-03	3.27407198e-03	1.48785843e-03	3.85890238e-04	8.92426343e-04	6.63053147e-04	1.22853361e-02	7.36822715e-03	3.24576990e-03	1.14647033e-03	1.17152200e-03	6.94729586e-04	8.52146635e-04	4.86404090e-03	2.55223314e-03	9.75930877e-04	9.35354590e-04	6.46422465e-04	5.64633013e-04	1.47823770e-03	4.79664966e-04	5.32792178e-04	9.38945824e-04	5.65156189e-04	2.42596679e-04	3.43781753e-04	5.39468871e-04	2.03083663e-04	-1.82308139e-04	2.65392237e-04	5.36402476e-04	-8.22826814e-04	-3.03109532e-04	-9.16206597e-04	
5	-8.11858490e-02	-1.73599933e-02	-7.15852492e-03	-2.24918397e-03	-1.09270743e-03	-4.88720287e-04	-6.58668736e-04	-7.66379638e-04	8.68121830e-04	-2.66180864e-02	-8.89018726e-03	-4.14979109e-03	-1.92719747e-03	-1.04958532e-03	-6.86775614e-04	-3.78412855e-04	1.09775947e-04	-9.26893720e-03	-5.79652530e-03	-3.37421422e-03	-1.57441065e-03	-8.91024693e-04	-4.29464457e-04	-6.48029728e-05	-4.50875523e-03	-3.20385058e-03	-6.92361233e-04	-1.56299966e-04	-1.33838095e-04	-8.69411299e-05	-1.29939491e-03	-5.70866365e-04	-7.20008829e-05	5.88459580e-04	-1.60919044e-07	-7.85041387e-04	-4.80769318e-04	-1.48965113e-04	-5.97949183e-04	-6.53996935e-04	-6.87503011e-04	-8.10010965e-04	-4.05971146e-04	-5.38733828e-04	3.99362452e-04	
