## Order: 5
## Bins: 10
## Minimum Radius = 2.00e+01
## Maximum Radius = 1.60e+02
## Format: Row 1 = radial bin 1, Row 2 = radial bin 2, Rows 3+ = zeta_ell^ab
## Column 1 specifies the angular multipole
 	 0	 0	 0	 0	 0	 0	 0	 0	 0	 1	 1	 1	 1	 1	 1	 1	 1	 2	 2	 2	 2	 2	 2	 2	 3	 3	 3	 3	 3	 3	 4	 4	 4	 4	 4	 5	 5	 5	 5	 6	 6	 6	 7	 7	 8	 
	 1	 2	 3	 4	 5	 6	 7	 8	 9	 2	 3	 4	 5	 6	 7	 8	 9	 3	 4	 5	 6	 7	 8	 9	 4	 5	 6	 7	 8	 9	 5	 6	 7	 8	 9	 6	 7	 8	 9	 7	 8	 9	 8	 9	 9	
0	1.09472566e-01	4.03224783e-02	1.86601578e-02	8.49294393e-03	4.98564796e-03	3.94143421e-03	2.25331450e-03	2.13658611e-05	-3.43550215e-04	6.49314030e-03	4.32424310e-03	1.80442064e-03	1.78143108e-03	1.28694479e-03	1.83986649e-03	1.17114027e-03	1.70497933e-03	-3.37200992e-03	-8.61966227e-04	2.57238200e-04	7.06226508e-04	1.35702541e-03	1.08033967e-03	5.30431213e-04	-1.03581760e-03	9.64561830e-04	4.18835801e-04	1.35425218e-03	1.25399389e-03	9.82948716e-04	1.01934468e-03	1.03675611e-03	8.88977100e-04	5.44503441e-04	1.48827110e-04	-5.55593126e-05	5.38006082e-04	7.13841343e-04	5.08731005e-04	4.75039429e-05	6.42356933e-04	7.94162744e-04	9.62023130e-04	9.53946313e-04	4.54836811e-04	
1	-3.84724319e-02	-1.59836486e-02	-9.57085999e-03	-5.46105700e-03	-2.19584697e-03	2.34304331e-03	1.89225512e-03	-4.50445338e-04	3.39662434e-04	-1.31425028e-03	-4.33998165e-03	-3.01944242e-03	-4.46039718e-04	2.60695484e-03	1.33364442e-03	2.77417845e-04	9.25206104e-04	1.52970455e-03	-1.19729170e-03	2.99706759e-05	1.75645861e-03	9.00015281e-04	2.06454508e-04	5.85370900e-04	6.17519222e-04	2.70347264e-04	2.55796983e-03	1.12158435e-03	6.73782344e-04	-3.48792591e-05	6.69733297e-04	1.78417852e-03	2.95079033e-04	9.78351805e-05	-2.51724931e-04	1.22194135e-03	-3.20157219e-04	-3.74742385e-04	4.77989346e-05	2.79748284e-04	-1.71489494e-04	1.45717250e-04	2.79052887e-04	3.48460840e-04	7.15278128e-04	
2	1.84614142e-01	8.82666981e-02	4.43867970e-02	2.33740757e-02	1.26959951e-02	9.98147646e-03	1.05894215e-02	1.06196996e-02	9.65685783e-03	4.41505130e-02	2.43154086e-02	1.34343349e-02	9.40913488e-03	4.80277807e-03	4.90796062e-03	5.57760413e-03	4.66665877e-03	9.51690462e-03	6.99817684e-03	4.37741156e-03	1.01544436e-03	1.87748819e-03	2.45672137e-03	2.05067960e-03	2.23677059e-03	2.29965333e-03	1.30840336e-03	9.40502321e-04	1.18168827e-03	6.67703803e-04	-7.01432485e-05	4.50628301e-04	8.64070238e-04	4.74187648e-04	6.91985470e-04	2.56961485e-04	3.80007827e-04	8.24200388e-04	5.92997259e-04	4.12998392e-04	7.93488026e-04	5.23958129e-04	-1.23678093e-04	9.38178462e-05	-4.13645994e-04	
3	-1.27869602e-01	-4.80716067e-02	-2.41500081e-02	-1.30430858e-02	-5.24360414e-03	-1.61794259e-03	-1.61122458e-03	-2.53975538e-03	-1.59120128e-03	-3.81512542e-02	-2.15659276e-02	-9.00837180e-03	-3.78663274e-03	-2.37208530e-03	-9.63659531e-04	-1.39623568e-03	-7.99364954e-04	-1.07313440e-02	-6.34046991e-03	-4.00342853e-03	-2.04935654e-03	1.79131228e-04	6.29494683e-04	2.83618033e-04	-3.63401364e-03	-2.60083156e-03	-1.45853434e-03	-1.21778157e-03	-4.25324749e-04	-2.43516768e-04	-1.82271634e-03	-8.53703346e-04	-8.11719138e-04	-1.90356615e-04	-3.33664846e-04	-1.00015445e-03	-2.93885185e-04	-2.69441620e-04	-2.59934109e-04	-3.90016345e-04	-8.27059040e-04	-5.92281589e-04	-1.42006531e-04	-6.56652823e-04	-2.98983227e-04	
4	1.04311362e-01	3.25745987e-02	1.18266869e-02	5.06214304e-03	-1.89089417e-04	-1.23884588e-03	-2.06051676e-03	-2.47992437e-03	-1.33567174e-03	3.22653391e-02	1.49056708e-02	6.91646543e-03	1.36694896e-03	8.15612380e-04	3.74079249e-04	-5.02404898e-04	1.87966070e-04	1.23707419e-02	5.72681854e-03	1.96595880e-03	1.40970088e-03	1.01087252e-03	-2.28880529e-05	6.78380121e-04	3.30324158e-03	1.48518280e-03	1.27472906e-03	4.36849757e-04	-4.23517402e-04	-3.92532596e-04	8.47087435e-04	1.82912262e-04	4.33297330e-05	1.15808689e-04	1.01770902e-04	9.31526592e-04	5.71449964e-04	6.65263150e-04	5.64773102e-04	1.00398167e-03	7.58985024e-04	4.12820449e-04	5.82318942e-04	4.21528328e-04	1.45078697e-04	
5	-8.54794795e-02	-1.88981283e-02	-7.11813285e-03	-2.18195295e-03	-1.21154362e-03	-1.48587950e-03	2.92214132e-04	5.25707487e-04	4.00497058e-04	-2.95749727e-02	-1.01463269e-02	-3.81054274e-03	-1.29264055e-03	-1.03341510e-03	-2.53992469e-04	3.31343719e-04	2.30924450e-04	-1.10016418e-02	-6.33541746e-03	-2.46547911e-03	-7.01609835e-04	-2.87636816e-04	6.80349466e-04	1.04081837e-03	-4.63724004e-03	-2.21218495e-03	-8.69593169e-04	1.03407141e-04	2.56966427e-04	3.32695618e-04	-2.31679754e-03	-6.18446037e-04	2.38461288e-04	1.79065615e-04	9.50362212e-05	-6.62673765e-05	1.02677772e-04	1.03854420e-04	7.61213027e-06	-3.73438352e-04	-2.51601558e-04	-2.01361667e-04	2.47828124e-05	-6.08127549e-04	4.30945196e-04	
