## Order: 5
## Bins: 10
## Minimum Radius = 2.00e+01
## Maximum Radius = 1.60e+02
## Format: Row 1 = radial bin 1, Row 2 = radial bin 2, Rows 3+ = zeta_ell^ab
## Column 1 specifies the angular multipole
 	 0	 0	 0	 0	 0	 0	 0	 0	 0	 1	 1	 1	 1	 1	 1	 1	 1	 2	 2	 2	 2	 2	 2	 2	 3	 3	 3	 3	 3	 3	 4	 4	 4	 4	 4	 5	 5	 5	 5	 6	 6	 6	 7	 7	 8	 
	 1	 2	 3	 4	 5	 6	 7	 8	 9	 2	 3	 4	 5	 6	 7	 8	 9	 3	 4	 5	 6	 7	 8	 9	 4	 5	 6	 7	 8	 9	 5	 6	 7	 8	 9	 6	 7	 8	 9	 7	 8	 9	 8	 9	 9	
0	1.50337248e-01	7.57633718e-02	3.92133085e-02	2.28544490e-02	1.65980468e-02	1.30857852e-02	8.02609094e-03	6.01276890e-03	4.04882539e-03	2.95548015e-02	1.64129142e-02	1.20574638e-02	8.88136341e-03	5.02545610e-03	3.67483440e-03	3.90917397e-03	3.62627527e-03	6.45756422e-03	6.65110699e-03	5.79797240e-03	2.75405680e-03	1.55332322e-03	1.90590248e-03	1.91891751e-03	1.70089408e-03	2.79385934e-03	1.75797434e-04	-5.20911867e-04	3.26134471e-04	3.51375851e-04	2.04504571e-03	2.34805055e-04	-3.67898657e-04	-7.44036621e-04	-1.00492975e-03	2.78916274e-04	1.41005888e-04	-3.52572008e-04	-9.77279614e-04	-1.60485027e-03	-9.30734636e-04	-1.40505000e-03	-1.40102418e-03	-1.05168202e-03	-7.76188389e-04	
1	-4.59159670e-02	-1.99884720e-02	-1.26684474e-02	-7.23012662e-03	-1.69316390e-03	2.20451639e-03	-1.26933221e-04	-9.92500464e-04	-8.33785586e-04	-7.93972199e-03	-7.98219869e-03	-6.93823911e-03	-2.37976174e-03	1.00497529e-03	7.24567172e-04	1.88028014e-04	3.04925531e-04	-3.97251572e-03	-5.42499781e-03	-4.14284534e-03	-1.09549468e-04	3.67627493e-04	-1.81557917e-04	-2.97775785e-04	-3.51674851e-03	-3.18563296e-03	5.62097255e-04	9.18640573e-04	1.03488412e-04	-1.06112936e-04	-3.61152963e-03	-1.32466379e-03	-1.03529557e-04	6.31897178e-04	7.28945711e-04	-2.09070434e-03	-5.89255719e-04	1.86853872e-04	1.04437291e-04	-1.51169010e-04	-7.71507116e-05	6.68955031e-05	8.41705946e-05	-3.80305158e-05	2.44752625e-04	
2	1.80589869e-01	8.96641617e-02	4.92872389e-02	2.85721066e-02	1.90999661e-02	1.50065184e-02	1.52196610e-02	1.16220868e-02	1.00791420e-02	5.04247729e-02	2.71533177e-02	1.49351997e-02	9.97672463e-03	6.85919710e-03	6.99195207e-03	4.52900055e-03	4.86526298e-03	1.44099454e-02	9.08372809e-03	5.35028159e-03	3.23155057e-03	3.08914565e-03	5.22111021e-04	5.61997972e-04	4.00927055e-03	3.46924319e-03	2.59882697e-03	1.91196075e-03	-1.87721569e-04	-4.09936650e-04	2.16707962e-03	1.84120560e-03	1.68724050e-03	1.49455605e-04	-9.17664902e-04	1.72946841e-03	1.96156496e-03	8.35202873e-04	5.06215441e-05	1.35614626e-03	1.05023167e-03	5.23151900e-04	1.15030805e-04	-1.26096017e-04	4.67441580e-05	
3	-1.26054311e-01	-4.50753933e-02	-2.18077931e-02	-1.28381203e-02	-5.04944601e-03	-1.47051923e-03	-1.75072241e-03	-3.85937712e-03	-3.00100806e-03	-4.02427922e-02	-2.08606814e-02	-8.79368357e-03	-4.56063832e-03	-1.22302097e-03	-1.03878803e-03	-1.48098006e-03	-1.85418041e-03	-1.31930131e-02	-7.22116908e-03	-4.07507573e-03	-1.09623547e-03	-1.22339144e-03	-4.73014574e-04	-3.84676321e-04	-4.14791380e-03	-2.10156418e-03	-1.90550257e-03	-2.12491732e-03	-1.39509611e-03	2.54626680e-04	-4.74570310e-04	-8.12911674e-04	-1.23674042e-03	-6.76908792e-04	3.20770540e-04	-9.07549050e-04	-1.46733167e-03	-7.52820771e-04	-1.90813950e-04	-1.43459664e-03	-1.29279914e-03	-1.18878651e-03	-1.09652166e-03	-1.44211313e-03	-1.18297649e-03	
4	1.05816288e-01	3.12637094e-02	1.25918804e-02	6.42758907e-03	3.39244878e-03	1.15524557e-03	3.79206912e-04	7.38539827e-04	-2.21081175e-04	3.44151183e-02	1.45480498e-02	9.10540222e-03	3.41081789e-03	8.44842252e-04	4.35899943e-04	8.68264059e-04	9.47050296e-04	1.47809400e-02	8.30639632e-03	3.72667887e-03	1.29719238e-03	5.25769713e-04	8.07427367e-04	1.04200630e-03	5.77608545e-03	3.01489074e-03	5.80496992e-04	4.79977091e-05	7.36190602e-04	6.11427424e-04	2.23482200e-03	3.45713373e-04	-2.22022417e-05	8.70006224e-04	5.37883796e-04	1.10410388e-03	4.48618238e-04	7.03051126e-04	7.69757036e-04	1.03910881e-03	1.12145184e-03	1.18209634e-03	7.41103704e-04	1.04753132e-03	5.15439451e-04	
5	-8.13200711e-02	-1.74958935e-02	-6.69108393e-03	-3.21932492e-03	-1.24645946e-03	-2.84538972e-04	9.28675253e-04	-1.60648880e-03	-4.42545236e-04	-3.00430961e-02	-9.59015214e-03	-4.11297099e-03	-2.03889048e-03	-5.39751649e-04	-5.68091766e-04	-1.06650592e-03	-3.12405193e-04	-1.18754092e-02	-6.66204381e-03	-3.20640793e-03	-1.37771507e-03	-5.22259482e-04	-2.71232416e-04	2.31779326e-04	-5.69017276e-03	-3.01650153e-03	-1.23794854e-03	-1.49720838e-04	-2.16385431e-05	2.50512627e-04	-3.22132075e-03	-1.44069301e-03	-4.41749347e-04	-2.25675972e-04	-3.31910246e-04	-1.54739282e-03	-7.24956648e-04	-5.11940027e-04	-2.90573323e-04	-1.17258007e-03	-6.66252917e-04	-4.78958078e-04	-5.63531685e-04	-8.78910491e-04	-6.37353103e-04	
