## Order: 5
## Bins: 10
## Minimum Radius = 2.00e+01
## Maximum Radius = 1.60e+02
## Format: Row 1 = radial bin 1, Row 2 = radial bin 2, Rows 3+ = zeta_ell^ab
## Column 1 specifies the angular multipole
 	 0	 0	 0	 0	 0	 0	 0	 0	 0	 1	 1	 1	 1	 1	 1	 1	 1	 2	 2	 2	 2	 2	 2	 2	 3	 3	 3	 3	 3	 3	 4	 4	 4	 4	 4	 5	 5	 5	 5	 6	 6	 6	 7	 7	 8	 
	 1	 2	 3	 4	 5	 6	 7	 8	 9	 2	 3	 4	 5	 6	 7	 8	 9	 3	 4	 5	 6	 7	 8	 9	 4	 5	 6	 7	 8	 9	 5	 6	 7	 8	 9	 6	 7	 8	 9	 7	 8	 9	 8	 9	 9	
0	1.21597802e-01	5.25473976e-02	2.69260121e-02	1.40926926e-02	9.48316205e-03	8.65807561e-03	4.25517822e-03	2.28247218e-03	6.73666871e-04	1.35669591e-02	6.88382817e-03	4.01052947e-03	3.04223332e-03	2.62184395e-03	1.44240929e-03	1.48647020e-03	7.91827269e-04	-3.47796712e-04	6.11703784e-04	2.58102974e-03	2.59447949e-03	5.92292135e-04	-2.83181351e-06	9.09294777e-05	-1.28280619e-03	1.02153383e-03	6.93881161e-04	-1.17881791e-04	-6.89121904e-04	-8.45144532e-04	6.17783143e-04	1.37073054e-03	1.26203291e-03	2.77764702e-04	2.71430934e-04	1.48736912e-03	8.97488769e-04	3.45555613e-04	-3.03328617e-04	1.80647669e-04	-3.85209952e-04	-2.21162768e-04	-1.82489717e-04	-1.66197128e-04	-6.82550737e-05	
1	-4.33857292e-02	-1.80077732e-02	-5.17786571e-03	-5.27633320e-03	-5.23362429e-03	5.12779715e-04	8.56109380e-04	-2.84692463e-04	-6.83659620e-04	-1.97267662e-03	-2.54828483e-03	-4.32213563e-03	-3.88029508e-03	4.50391382e-04	1.77452217e-03	-2.97364043e-04	-6.34421695e-04	3.64533561e-04	-2.16520547e-03	-1.77841249e-03	1.17017627e-03	1.64860057e-03	-2.82793421e-04	-1.47289565e-03	-9.42155908e-05	-5.24949227e-04	4.20097113e-04	7.40807492e-04	7.50725113e-04	-3.90340557e-04	-5.71378177e-04	1.14886060e-04	4.95251507e-04	1.63433548e-04	-2.57200399e-04	-1.31865837e-03	-2.36981960e-04	-3.78438517e-04	-5.64880191e-04	-7.36405313e-04	-5.76932719e-04	-7.11964882e-04	7.37160131e-05	-4.05643298e-04	1.31136843e-06	
2	1.88230540e-01	8.63368215e-02	5.18092211e-02	2.66987590e-02	1.68793078e-02	9.12167701e-03	9.41427735e-03	9.27323833e-03	7.72931962e-03	4.91110370e-02	2.62834144e-02	1.39449925e-02	8.46861854e-03	4.94731115e-03	3.53286617e-03	2.74278145e-03	3.34146743e-03	1.23124471e-02	7.94506581e-03	5.52621466e-03	3.38039124e-03	2.21318657e-03	2.51827177e-03	1.81943430e-03	4.10519953e-03	3.45992264e-03	2.01765868e-03	1.42532199e-03	1.24700172e-03	3.52548775e-04	9.57649559e-04	8.33490175e-04	7.12194911e-04	-3.45619563e-04	-7.78676351e-04	5.78311181e-04	3.14394954e-04	3.01623416e-04	-4.38869951e-04	6.33068067e-04	6.81006330e-04	2.39559418e-04	2.07475633e-04	7.05992133e-05	-6.57806245e-07	
3	-1.31991919e-01	-4.94378976e-02	-2.04005474e-02	-1.17380905e-02	-7.03471000e-03	-1.04361856e-03	-8.66724326e-04	-1.00169901e-03	-9.09033437e-04	-4.17184410e-02	-2.02427842e-02	-9.40612961e-03	-4.53813644e-03	-1.70755525e-03	-1.02339259e-03	-4.25678176e-04	-6.49188598e-04	-1.39761721e-02	-6.97472813e-03	-4.04923210e-03	-1.68344851e-03	-1.07968609e-03	-5.17223093e-04	-5.20129908e-04	-4.53122534e-03	-2.78749385e-03	-1.10914176e-03	-1.07276279e-03	-4.58796193e-04	-6.49758380e-04	-1.15808948e-03	-7.47386121e-05	1.48451229e-04	-3.17872138e-04	6.75416115e-05	-2.86593440e-04	6.25282423e-04	-6.37993008e-05	6.65217973e-05	-4.29303250e-04	-7.42045838e-05	-2.27897984e-04	-6.00412051e-04	-6.44131469e-04	-2.76565889e-04	
4	1.07602342e-01	3.39470056e-02	1.06990817e-02	6.60616561e-03	5.89763005e-03	2.17967120e-03	8.76911754e-04	1.16320265e-03	1.29496167e-03	3.49495260e-02	1.39339002e-02	7.01842284e-03	3.75083653e-03	2.15287847e-03	7.86898724e-04	4.45060889e-04	3.00734703e-04	1.40354949e-02	7.07915481e-03	3.21640165e-03	1.03556666e-03	4.27300683e-04	-2.24435396e-04	-2.35773144e-05	5.31209229e-03	3.79428581e-03	1.21935516e-03	-1.04221097e-04	-4.26987431e-04	1.57618776e-04	2.10645974e-03	3.25332866e-04	2.98430514e-04	3.93291728e-04	-1.74562370e-04	5.89520312e-05	-1.02994089e-04	2.55537023e-04	1.83345154e-04	4.52166088e-04	4.99729438e-04	6.01834869e-04	2.34663168e-04	4.52176003e-04	2.10376968e-04	
5	-8.55877699e-02	-1.95504479e-02	-5.34299598e-03	-1.47591453e-03	-1.36834072e-03	-2.42222452e-03	-1.04688605e-03	1.12307148e-04	-5.73272487e-04	-3.22069413e-02	-9.35326555e-03	-2.98612368e-03	-2.70730136e-03	-1.59195836e-03	-2.53390314e-04	5.22898059e-05	-2.26727847e-05	-1.24730039e-02	-5.63148616e-03	-3.36982100e-03	-1.46047447e-03	9.70441870e-05	4.89655723e-04	5.07247792e-04	-5.20464966e-03	-3.79443725e-03	-2.18825347e-03	-3.98783213e-04	-3.38530198e-04	-7.06202780e-05	-3.69856569e-03	-1.93495040e-03	-2.73970827e-04	-6.86285870e-04	-4.72276254e-04	-1.95602530e-03	-5.06304609e-04	-1.13664221e-03	-9.22131476e-04	-6.11555984e-04	-1.00749906e-03	-9.91561442e-04	-7.64060687e-04	-8.82992778e-04	-2.94392300e-04	
