## Order: 5
## Bins: 10
## Minimum Radius = 2.00e+01
## Maximum Radius = 1.60e+02
## Format: Row 1 = radial bin 1, Row 2 = radial bin 2, Rows 3+ = zeta_ell^ab
## Column 1 specifies the angular multipole
 	 0	 0	 0	 0	 0	 0	 0	 0	 0	 1	 1	 1	 1	 1	 1	 1	 1	 2	 2	 2	 2	 2	 2	 2	 3	 3	 3	 3	 3	 3	 4	 4	 4	 4	 4	 5	 5	 5	 5	 6	 6	 6	 7	 7	 8	 
	 1	 2	 3	 4	 5	 6	 7	 8	 9	 2	 3	 4	 5	 6	 7	 8	 9	 3	 4	 5	 6	 7	 8	 9	 4	 5	 6	 7	 8	 9	 5	 6	 7	 8	 9	 6	 7	 8	 9	 7	 8	 9	 8	 9	 9	
0	1.16212404e-01	4.75869671e-02	2.57295275e-02	1.34692247e-02	1.16993427e-02	4.81006496e-03	-2.06333778e-03	-1.54198715e-03	-2.20937864e-04	1.44418194e-02	8.67913379e-03	3.25589158e-03	2.27488068e-03	-3.43217695e-04	-1.48336606e-03	-1.85432727e-04	6.24485479e-04	-1.31041636e-03	-7.75774192e-04	-4.20070967e-04	-2.03357545e-03	-2.02625836e-03	-1.01900216e-03	-8.32003402e-04	-2.11730021e-03	-1.76237233e-04	-7.34824763e-04	-4.02166576e-04	-1.09205817e-03	-1.50570203e-03	-1.44501890e-05	-1.07860187e-03	9.74701252e-05	-1.02398726e-04	-7.16096596e-04	-2.11503764e-04	2.04271740e-04	4.38533311e-04	-2.23304751e-04	-1.84690479e-04	2.23201152e-04	1.48717740e-04	3.54373422e-04	1.45240782e-04	1.62227122e-04	
1	-3.76722442e-02	-1.62986780e-02	-9.87429151e-03	-2.89365605e-03	-3.83242226e-03	-1.06723276e-03	3.01084074e-04	2.47764377e-05	1.14393158e-04	-1.75858198e-03	-7.52535653e-03	-4.54368275e-03	-2.82699943e-03	2.34191607e-03	1.27881286e-03	-4.21042682e-04	-8.50077020e-04	9.83642182e-05	-2.20811748e-03	-2.14440285e-03	1.29789885e-03	2.22860542e-04	-5.08964626e-05	-5.99561939e-05	-8.17194869e-04	-2.00708518e-03	9.62420068e-04	-5.58098614e-04	-1.43691471e-04	-1.63101170e-04	-1.18457163e-03	8.79092697e-04	-2.02838287e-04	-4.00338725e-04	-1.82641328e-04	-6.30804813e-05	-3.11235071e-04	-3.93182083e-04	-2.37084296e-04	1.56467399e-04	-2.15848738e-04	1.69032799e-04	3.89961408e-04	4.40486383e-04	1.42846016e-04	
2	1.86817027e-01	8.57180514e-02	4.64580087e-02	2.55340961e-02	1.46646622e-02	1.17389524e-02	1.29960514e-02	8.35067322e-03	6.96027219e-03	4.36696354e-02	2.52049192e-02	1.35557198e-02	9.13519692e-03	6.66860646e-03	4.98910679e-03	3.43844128e-03	2.97679668e-03	1.17141857e-02	9.26816431e-03	5.97494740e-03	3.59120595e-03	2.73531938e-03	1.51705133e-03	9.78175423e-04	3.47801913e-03	1.48616422e-03	3.30281197e-04	1.14764587e-03	5.14019772e-04	5.22929390e-04	6.81430999e-04	5.88643816e-05	4.04664322e-04	-3.09488334e-05	3.27736594e-04	4.85693759e-04	6.02594299e-04	2.71338517e-04	-9.90642343e-05	4.12769860e-04	5.62551520e-04	5.26650109e-04	5.18941716e-04	8.02591393e-04	-1.26165471e-05	
3	-1.31064991e-01	-4.85413043e-02	-2.28760210e-02	-1.26331332e-02	-3.92923711e-03	-1.68899169e-03	-1.55320315e-03	-2.84133425e-03	-7.17505721e-04	-3.67789539e-02	-1.92055565e-02	-8.34145201e-03	-4.28895316e-03	-1.85327701e-03	-2.05853790e-03	-1.10384796e-03	-8.07768146e-04	-1.16919582e-02	-5.81645028e-03	-4.81800007e-03	-2.39111410e-03	-1.20794749e-03	-2.29660430e-04	-6.72411959e-05	-3.58462711e-03	-3.04214420e-03	-9.43996737e-04	-6.59029472e-04	6.26645945e-04	7.71208935e-04	-2.12340159e-03	-4.49761597e-04	2.60915184e-04	7.68694446e-04	7.38314300e-04	-6.35409481e-04	6.80282173e-04	6.15538188e-04	6.00994332e-04	8.05921396e-04	5.03667752e-04	-6.50549804e-05	8.60821569e-04	-9.96461419e-05	-2.99482120e-04	
4	1.03201214e-01	2.98734548e-02	1.20027110e-02	4.43955110e-03	3.30668248e-03	9.84662761e-04	-5.75021278e-04	1.13780038e-03	1.37051693e-03	3.46715947e-02	1.41699159e-02	6.42590910e-03	3.27648557e-03	7.51930462e-04	3.17867068e-04	7.55777422e-04	9.49062940e-04	1.28595414e-02	5.62189502e-03	3.17549831e-03	1.69292141e-03	1.44716074e-03	1.09925811e-03	5.19284149e-04	3.93138669e-03	2.77378947e-03	1.60221462e-03	7.00141976e-04	6.84848738e-04	3.79476102e-04	2.02493632e-03	1.51219504e-03	6.23537598e-04	9.42422421e-04	-1.10088431e-04	1.16619499e-03	8.87366193e-04	5.02506124e-04	9.09546411e-05	1.73039020e-05	4.94427936e-04	2.63406852e-04	-7.85182607e-04	-3.02373952e-04	-5.96806009e-04	
5	-8.11298114e-02	-1.69358593e-02	-7.39998397e-03	-1.04246976e-03	-6.55160870e-04	-6.85122512e-04	5.00147117e-04	9.42401555e-05	-1.13662942e-04	-2.72277606e-02	-9.04507387e-03	-2.00324162e-03	-1.93686373e-03	-9.17717986e-04	7.69204973e-04	5.64846109e-04	-3.78953425e-04	-9.89752083e-03	-5.05492812e-03	-2.78337572e-03	-1.38150181e-03	1.30639984e-04	1.65413889e-04	2.90929267e-04	-5.07610127e-03	-2.78483896e-03	-1.81997133e-03	-7.51736292e-04	2.40499334e-04	5.68408206e-04	-2.82245559e-03	-2.16112659e-03	-8.23183371e-04	-7.48658334e-05	-7.20392277e-05	-1.47764097e-03	-6.05843750e-04	-1.03170331e-04	1.39926435e-04	-1.02118827e-03	-6.45386515e-04	-5.49119159e-04	4.34151530e-05	-4.07485904e-04	-3.67102003e-04	
