## Order: 5
## Bins: 10
## Minimum Radius = 2.00e+01
## Maximum Radius = 1.60e+02
## Format: Row 1 = radial bin 1, Row 2 = radial bin 2, Rows 3+ = zeta_ell^ab
## Column 1 specifies the angular multipole
 	 0	 0	 0	 0	 0	 0	 0	 0	 0	 1	 1	 1	 1	 1	 1	 1	 1	 2	 2	 2	 2	 2	 2	 2	 3	 3	 3	 3	 3	 3	 4	 4	 4	 4	 4	 5	 5	 5	 5	 6	 6	 6	 7	 7	 8	 
	 1	 2	 3	 4	 5	 6	 7	 8	 9	 2	 3	 4	 5	 6	 7	 8	 9	 3	 4	 5	 6	 7	 8	 9	 4	 5	 6	 7	 8	 9	 5	 6	 7	 8	 9	 6	 7	 8	 9	 7	 8	 9	 8	 9	 9	
0	9.17536262e-02	3.17988862e-02	1.56615789e-02	5.19452880e-03	4.77026454e-04	4.81907839e-04	-3.35252107e-03	-7.39628164e-03	-7.57283432e-03	2.92433982e-03	3.55862990e-03	3.62934705e-03	8.07594839e-04	2.47966437e-04	-8.59193028e-04	-2.76879481e-04	-1.13179551e-03	-1.08661250e-03	1.97247057e-03	7.21321869e-04	1.16925489e-03	4.39017758e-05	1.29314617e-03	9.19465628e-04	1.38244663e-03	6.40485241e-04	5.01173672e-04	8.11090383e-04	1.29803502e-03	1.00879352e-03	-1.34284380e-03	-6.55426910e-04	3.76792569e-04	8.54520879e-04	7.82059790e-04	-1.76862304e-03	-2.62472135e-04	7.30350767e-04	1.23046294e-03	-1.71886454e-04	1.86968909e-04	4.12359434e-04	7.20309162e-04	1.09784930e-03	6.11133784e-04	
1	-3.87496479e-02	-9.07373289e-03	-3.91217917e-03	-5.97597694e-03	-1.96237561e-03	2.48302594e-03	-6.53823810e-04	-2.13485739e-03	4.21101414e-04	4.58570024e-03	-4.74188977e-05	-4.19349918e-03	-3.88588414e-04	2.09280209e-03	6.39930719e-04	-3.98343692e-04	-8.57087935e-04	4.64120332e-03	-2.14776402e-03	-1.80931086e-04	8.73940374e-04	1.50023973e-03	7.93068907e-04	-8.72284996e-04	1.11572930e-03	5.26012571e-04	1.35637813e-03	1.18070630e-03	3.39933494e-04	-9.84874779e-04	1.42884492e-03	1.45176639e-03	8.41045664e-04	-2.94642078e-04	-8.73748193e-04	1.71407236e-03	4.34794751e-04	-1.80099643e-04	-5.52089974e-04	7.89495491e-04	-3.95102218e-04	-5.37865740e-04	4.20313413e-04	-3.20652721e-04	1.33526704e-04	
2	1.79884389e-01	8.46237866e-02	4.63301346e-02	2.66430838e-02	1.74589776e-02	1.10268998e-02	1.08788209e-02	1.08183545e-02	7.52872738e-03	3.96562881e-02	2.01788651e-02	1.27418473e-02	9.75276809e-03	6.33223517e-03	5.21925484e-03	5.41356318e-03	3.64549275e-03	8.82268453e-03	6.62011475e-03	7.07289337e-03	4.77962615e-03	3.02489587e-03	1.91084355e-03	1.73888162e-03	2.91067011e-03	3.80953121e-03	3.29927884e-03	2.06961787e-03	1.22056611e-03	1.16568086e-03	1.38047737e-03	1.62083992e-03	4.08816148e-04	4.22459766e-04	1.22425900e-04	-9.11149397e-05	-2.88139994e-04	4.44997330e-05	-1.83285049e-04	-5.42631428e-04	1.49078752e-04	3.37960477e-04	-6.01310028e-04	-1.35464522e-04	-7.33193877e-04	
3	-1.22108823e-01	-4.67523732e-02	-2.17202841e-02	-1.14154958e-02	-6.89792027e-03	-2.20834857e-03	-2.74886917e-04	-3.05488252e-03	-2.04721780e-03	-3.60991960e-02	-1.84473374e-02	-7.67218482e-03	-3.76506020e-03	-3.15903640e-03	-1.65156601e-03	-1.13424786e-03	-7.06730875e-04	-1.12990686e-02	-6.08463897e-03	-3.18198650e-03	-2.73046408e-03	-1.51097263e-03	-8.29232750e-04	-1.21672722e-03	-2.91744142e-03	-3.59379652e-03	-3.43607053e-03	-1.91533589e-03	-1.42562369e-03	-7.63570600e-04	-1.05865011e-03	-1.72657264e-03	-1.32656685e-03	-7.17706488e-04	-7.13329345e-04	-1.96429577e-04	-5.83457730e-04	-6.72487586e-04	-8.03063187e-04	-1.38592880e-04	-3.32709648e-04	-6.03247680e-04	8.81569051e-04	1.15802060e-04	5.30911200e-04	
4	1.02001784e-01	2.95929090e-02	1.11797540e-02	5.29160426e-03	2.74200764e-03	6.53564652e-04	-2.14237526e-04	2.40598623e-05	8.86039182e-04	2.95050233e-02	1.38350918e-02	5.03317445e-03	1.42917862e-03	2.69401165e-05	-7.13691930e-04	4.69312494e-04	7.84431225e-04	1.12198766e-02	5.30050626e-03	2.33131923e-03	9.65206064e-04	7.20304103e-04	1.07543467e-04	3.16568486e-05	2.57650755e-03	7.74285671e-04	5.45520302e-04	1.74734608e-04	4.94232867e-05	-7.69281746e-06	1.42343371e-04	1.37319384e-03	1.14334909e-03	3.71456802e-04	-8.98138840e-05	2.83730212e-04	9.57609648e-04	7.78785209e-04	3.96105745e-04	2.66285500e-04	6.13799702e-04	7.18894077e-04	-4.92090293e-04	2.12620201e-04	-3.13014613e-04	
5	-8.15836255e-02	-1.85650885e-02	-7.91968269e-03	-2.49151707e-03	-3.50252476e-04	-8.53248689e-04	-7.87002260e-05	2.92754985e-04	-5.50924296e-05	-2.57798402e-02	-9.06750455e-03	-3.31909136e-03	-1.23568850e-03	-9.93036697e-04	-5.59095642e-05	9.59508617e-05	5.82846647e-05	-1.18620345e-02	-5.22299273e-03	-2.04043328e-03	-3.44684356e-04	2.73283134e-04	4.98110528e-05	-6.51485111e-04	-3.45419582e-03	-1.59019587e-03	3.33419014e-04	-5.53649427e-05	2.73790089e-04	3.07077506e-04	3.54959914e-04	-2.67441487e-04	-5.01523193e-04	-9.41343476e-05	-3.18033846e-05	-1.48838732e-03	-1.03650192e-03	-1.04041358e-03	-8.75050645e-04	-2.48070505e-04	-8.65444394e-04	-7.69057928e-04	4.35628764e-04	-7.30659043e-05	9.47168519e-04	
