## Order: 5
## Bins: 10
## Minimum Radius = 2.00e+01
## Maximum Radius = 1.60e+02
## Format: Row 1 = radial bin 1, Row 2 = radial bin 2, Rows 3+ = zeta_ell^ab
## Column 1 specifies the angular multipole
 	 0	 0	 0	 0	 0	 0	 0	 0	 0	 1	 1	 1	 1	 1	 1	 1	 1	 2	 2	 2	 2	 2	 2	 2	 3	 3	 3	 3	 3	 3	 4	 4	 4	 4	 4	 5	 5	 5	 5	 6	 6	 6	 7	 7	 8	 
	 1	 2	 3	 4	 5	 6	 7	 8	 9	 2	 3	 4	 5	 6	 7	 8	 9	 3	 4	 5	 6	 7	 8	 9	 4	 5	 6	 7	 8	 9	 5	 6	 7	 8	 9	 6	 7	 8	 9	 7	 8	 9	 8	 9	 9	
0	1.15574041e-01	5.32190140e-02	2.60239209e-02	1.42155860e-02	1.02592182e-02	3.76195556e-03	-2.05143279e-03	-4.07606794e-03	-2.14258554e-03	1.85093146e-02	9.52473718e-03	4.14958787e-03	1.93614745e-03	-2.61733750e-04	-2.12648043e-03	-2.78482677e-03	-2.39030002e-04	7.41326750e-04	3.97026525e-04	-7.12966862e-04	-2.34415656e-03	-2.38778942e-03	-2.44639874e-03	-7.97635137e-04	-2.32016673e-03	-3.14471211e-04	-1.95149270e-03	-1.90372814e-03	-1.76056289e-03	-4.46666633e-04	-2.72002517e-04	-1.93435032e-03	-2.11673779e-03	-1.28598833e-03	-1.23965621e-05	-2.18738016e-03	-2.65022908e-03	-1.34930993e-03	-4.56936196e-04	-3.70530751e-03	-2.15749984e-03	-1.21772511e-03	-2.38976792e-03	-1.27183931e-03	-1.35644501e-03	
1	-4.21145166e-02	-1.08165900e-02	-6.56625536e-03	-4.83866151e-03	-5.68533657e-03	-1.92536636e-03	1.43819103e-04	-7.31362644e-04	2.02069307e-04	-4.45780673e-03	-5.63693571e-03	-5.22876511e-03	-4.88868429e-03	-3.24372462e-04	2.18417119e-03	9.90098595e-04	2.49888644e-04	-3.61365254e-03	-3.11488444e-03	-1.11507656e-03	1.85366504e-03	2.61978943e-03	1.03053485e-03	8.09826245e-04	-7.50148466e-04	-2.58131910e-04	1.58378271e-03	2.66112215e-03	1.38703794e-03	1.08373151e-03	4.26346885e-04	1.72393528e-03	2.40500696e-03	1.39668460e-03	8.07643230e-04	1.80587564e-03	2.11535439e-03	1.00297979e-03	1.45929979e-04	2.67671713e-03	1.49732195e-03	8.47958791e-04	2.02082929e-03	1.01725957e-03	1.17794585e-03	
2	1.77071731e-01	8.64421674e-02	5.12047077e-02	2.94484410e-02	1.56785520e-02	1.07082591e-02	1.07216662e-02	8.30243296e-03	5.07346264e-03	4.15109353e-02	2.36122834e-02	1.36861923e-02	7.96491985e-03	5.88805133e-03	4.01269177e-03	4.00039860e-03	2.99583676e-03	1.27418956e-02	1.07656079e-02	6.06104681e-03	4.47518160e-03	4.07859872e-03	3.35171807e-03	1.68077797e-03	5.41068782e-03	4.56565504e-03	2.92234720e-03	1.64592266e-03	1.15437605e-03	8.11211100e-04	2.90938448e-03	2.53931921e-03	1.26080361e-03	9.60037803e-04	4.43124405e-04	1.54258079e-03	1.10394613e-03	8.87743450e-04	1.65817616e-04	6.63816561e-04	2.27048384e-04	-3.65239941e-04	-8.18806041e-04	-6.35126216e-04	-1.24306851e-03	
3	-1.24377074e-01	-4.59113924e-02	-1.99235442e-02	-1.36386407e-02	-6.19466977e-03	-1.20754414e-03	-2.25035497e-03	-1.32903628e-03	-2.37592664e-03	-3.40977171e-02	-1.85611908e-02	-1.13629009e-02	-2.67520822e-03	-4.74370513e-04	-1.22233914e-03	-1.49505667e-03	-1.71773768e-03	-1.25484551e-02	-6.26917831e-03	-2.77658308e-03	-1.48337655e-03	-1.64778436e-03	-2.28496288e-03	-1.75959553e-03	-2.29574906e-03	-2.66334051e-03	-4.84853793e-04	-1.44342152e-04	-9.25238958e-04	-1.34175533e-03	-1.60760778e-03	-1.24840256e-03	-1.03482143e-03	-1.26976981e-03	-1.33078266e-03	-2.03790395e-03	-1.65371298e-03	-1.01398696e-03	-1.30579624e-03	-2.11648384e-03	-1.90309816e-03	-1.55626141e-03	-1.48179290e-03	-1.40763369e-03	-3.06344192e-04	
4	9.90377824e-02	2.92654359e-02	1.10310507e-02	6.35038128e-03	6.09470643e-03	2.28167730e-03	6.49707607e-06	1.08990008e-03	1.42665779e-03	3.27629171e-02	1.15250932e-02	5.68422045e-03	3.92147330e-03	1.77167885e-03	-4.68683858e-05	1.00980008e-05	5.22599492e-04	1.25025030e-02	7.43280731e-03	3.25031737e-03	1.14732017e-03	-1.58232956e-04	-3.70610845e-04	-5.79776943e-05	5.37554809e-03	3.68106672e-03	1.55235097e-03	-2.60587847e-04	-2.71028449e-04	7.97494737e-04	1.73169623e-03	1.34678021e-03	3.47052935e-04	6.45743530e-05	8.39106162e-05	1.32387060e-03	5.30812817e-04	3.04506719e-06	1.69572008e-04	6.21379542e-04	3.19307819e-04	7.17417481e-04	5.09540891e-04	1.08365434e-03	8.55711386e-04	
5	-8.24288431e-02	-1.89700859e-02	-3.25372134e-03	-2.83012744e-03	-1.94889153e-03	-2.40529118e-03	-3.97306381e-04	9.90870085e-05	-4.36225732e-04	-2.96080393e-02	-8.52074304e-03	-2.25104775e-03	-1.48879036e-03	-5.12429669e-04	-4.67063268e-04	-2.87015599e-04	-8.62578223e-05	-1.13095915e-02	-4.91879419e-03	-2.38607585e-03	-4.85872627e-04	-6.27770873e-05	-9.29191484e-05	-5.22814689e-05	-5.42137373e-03	-2.48570009e-03	-1.61177428e-03	-1.34844907e-03	-3.25390779e-04	-6.15264113e-04	-2.49953263e-03	-1.26318866e-03	-8.32018884e-04	-3.29334735e-04	-4.31644611e-04	-3.71626306e-04	-2.44503420e-04	-3.26172354e-04	1.20763543e-04	-2.97261193e-04	1.76578663e-04	1.13840119e-04	5.88261677e-04	-2.24685176e-04	4.05085907e-04	
