## Order: 5
## Bins: 10
## Minimum Radius = 2.00e+01
## Maximum Radius = 1.60e+02
## Format: Row 1 = radial bin 1, Row 2 = radial bin 2, Rows 3+ = zeta_ell^ab
## Column 1 specifies the angular multipole
 	 0	 0	 0	 0	 0	 0	 0	 0	 0	 1	 1	 1	 1	 1	 1	 1	 1	 2	 2	 2	 2	 2	 2	 2	 3	 3	 3	 3	 3	 3	 4	 4	 4	 4	 4	 5	 5	 5	 5	 6	 6	 6	 7	 7	 8	 
	 1	 2	 3	 4	 5	 6	 7	 8	 9	 2	 3	 4	 5	 6	 7	 8	 9	 3	 4	 5	 6	 7	 8	 9	 4	 5	 6	 7	 8	 9	 5	 6	 7	 8	 9	 6	 7	 8	 9	 7	 8	 9	 8	 9	 9	
0	1.44713856e-01	6.07925616e-02	3.24875123e-02	1.75664511e-02	1.14418639e-02	1.01131384e-02	7.86249316e-03	2.27648270e-03	1.44528354e-03	1.87686855e-02	8.14610773e-03	6.90705913e-03	5.14882035e-03	4.15935795e-03	3.10778699e-03	1.54456221e-03	1.23244498e-03	-2.79243067e-04	1.42481166e-03	1.64195517e-03	1.70977826e-03	1.84542076e-03	1.04967056e-03	1.69914081e-03	-1.47936734e-03	1.55216660e-04	1.18803843e-03	1.70347076e-03	1.85135903e-03	1.97790474e-03	-9.37851074e-04	5.51056080e-04	1.18514098e-03	1.40458301e-03	1.31028631e-03	1.32299406e-03	1.59842505e-03	1.36791622e-03	1.43071630e-03	1.32344777e-03	1.51656689e-03	1.28812176e-03	2.57956366e-04	4.01383754e-04	8.22380856e-05	
1	-5.44930873e-02	-1.47706602e-02	-7.92980131e-03	-5.07305058e-03	-3.51873088e-03	2.71525401e-03	1.19002712e-03	-2.75738931e-03	-5.80438408e-04	-3.21797523e-03	-2.54139607e-03	-2.47817784e-03	-1.95128611e-03	2.67391851e-03	1.66237541e-03	-6.50633512e-04	-2.22885941e-03	1.48207745e-03	1.48511705e-05	-4.61446095e-04	2.98443998e-03	2.49122461e-03	4.00115441e-04	-1.85381224e-03	1.13952908e-03	-2.03136430e-04	2.87073801e-03	3.07645271e-03	5.04236934e-05	-1.12796350e-03	7.97740487e-04	2.74455488e-03	2.51885188e-03	2.50643296e-04	-8.42164594e-04	3.54196704e-03	2.32761870e-03	1.05580502e-04	-2.70410288e-04	1.53390450e-03	3.69633343e-04	-4.63720489e-04	1.10738874e-03	-5.24116994e-04	3.57229563e-04	
2	2.02304821e-01	9.58814586e-02	5.53249550e-02	3.36825718e-02	2.10978495e-02	1.58095796e-02	1.36844513e-02	1.38466836e-02	1.02322613e-02	5.46208081e-02	2.99249781e-02	1.97586545e-02	1.27349340e-02	9.17298083e-03	7.84112526e-03	6.68325513e-03	5.10545346e-03	1.54869128e-02	1.23074125e-02	8.44360153e-03	6.00047290e-03	4.76166999e-03	3.69063817e-03	2.12398649e-03	6.76731252e-03	5.12132092e-03	3.08022341e-03	1.59185021e-03	1.60242870e-03	4.72126814e-04	2.37120989e-03	2.62493690e-03	1.25029528e-03	1.49804390e-04	-2.51289417e-04	1.91992621e-03	7.64415882e-04	-3.85307334e-05	5.94938686e-04	2.69781648e-04	1.10656452e-03	1.48463559e-03	4.97509465e-04	1.16749876e-03	3.56205195e-04	
3	-1.36311762e-01	-4.85883859e-02	-2.19302728e-02	-1.27129552e-02	-7.40646508e-03	-2.95925037e-03	-1.20391943e-03	-3.19886099e-03	-2.76766555e-03	-4.02235486e-02	-2.28091086e-02	-1.13730462e-02	-5.07208687e-03	-2.40943982e-03	-2.25485819e-03	-2.44625704e-03	-2.28468560e-03	-1.48367221e-02	-8.39437266e-03	-5.06347755e-03	-3.00442829e-03	-3.06479924e-03	-2.51810703e-03	-1.70261117e-03	-4.44222560e-03	-4.63844266e-03	-2.95233602e-03	-1.73893884e-03	-1.41864016e-03	-7.76235873e-04	-3.16119957e-03	-2.12876076e-03	-2.02469104e-03	-1.44108934e-03	-3.76536400e-04	-1.78839988e-03	-1.25600526e-03	-8.13057550e-04	-1.11322127e-04	-9.70331178e-04	-3.17050885e-04	-4.86932995e-04	-5.96242460e-04	-8.33452534e-04	-7.55392788e-05	
4	1.14043227e-01	3.38857072e-02	1.52325466e-02	8.05469178e-03	5.99437395e-03	2.67177099e-03	6.60807531e-04	3.03319872e-04	1.33043110e-03	3.55645726e-02	1.62924894e-02	8.87198557e-03	4.04174697e-03	1.50334528e-03	1.36945823e-03	-2.79314623e-04	8.69248161e-04	1.69201518e-02	8.21817465e-03	3.53519516e-03	9.15768476e-04	3.09496946e-04	2.29876074e-04	-1.28545554e-05	5.40288469e-03	2.26142142e-03	1.06469336e-03	1.88608270e-03	8.79438805e-04	-5.28586212e-04	2.35280897e-03	1.96798331e-03	1.57447507e-03	1.07874728e-03	4.00165964e-04	1.09249436e-03	1.11610754e-03	1.26636514e-03	3.42739483e-04	1.07555501e-03	1.38781810e-03	8.74568571e-04	7.68407598e-04	1.06412739e-03	3.13417050e-04	
5	-9.35069187e-02	-1.98697660e-02	-6.53651426e-03	-1.88217965e-03	-2.19243826e-03	-1.37731888e-03	-4.35991268e-04	2.54772929e-04	-3.35721552e-04	-3.34272111e-02	-1.05247802e-02	-3.54871531e-03	-3.24231282e-03	-1.43227658e-03	-6.61354165e-04	6.69540631e-04	-2.28864470e-04	-1.28669443e-02	-6.15900377e-03	-3.55932343e-03	-1.92325389e-03	-1.01312077e-03	-1.07660668e-04	4.69743371e-04	-7.21749413e-03	-3.64026032e-03	-1.46389195e-03	-1.31174913e-03	-1.50480406e-03	4.10187468e-05	-2.95802768e-03	-1.87015495e-03	-1.62580296e-03	-1.49000454e-03	-3.50318981e-04	-2.06327901e-03	-1.35411454e-03	-1.10962929e-03	-7.09346856e-04	-1.25184191e-03	-8.53319782e-04	-9.51645295e-04	1.66214611e-04	-2.43465050e-04	5.32719335e-04	
