## Order: 5
## Bins: 10
## Minimum Radius = 2.00e+01
## Maximum Radius = 1.60e+02
## Format: Row 1 = radial bin 1, Row 2 = radial bin 2, Rows 3+ = zeta_ell^ab
## Column 1 specifies the angular multipole
 	 0	 0	 0	 0	 0	 0	 0	 0	 0	 1	 1	 1	 1	 1	 1	 1	 1	 2	 2	 2	 2	 2	 2	 2	 3	 3	 3	 3	 3	 3	 4	 4	 4	 4	 4	 5	 5	 5	 5	 6	 6	 6	 7	 7	 8	 
	 1	 2	 3	 4	 5	 6	 7	 8	 9	 2	 3	 4	 5	 6	 7	 8	 9	 3	 4	 5	 6	 7	 8	 9	 4	 5	 6	 7	 8	 9	 5	 6	 7	 8	 9	 6	 7	 8	 9	 7	 8	 9	 8	 9	 9	
0	9.21264766e-02	3.98339382e-02	1.87081898e-02	4.44310596e-03	1.55539319e-03	-8.99135511e-04	-4.47849791e-03	-5.35498330e-03	-7.05829970e-03	5.51162457e-03	1.59096118e-03	-1.15833701e-03	-9.71250939e-04	-3.11002811e-04	-2.75050416e-03	-2.66104092e-03	-2.63497112e-03	-3.64930008e-03	-2.39153827e-03	-1.35203563e-04	3.79839551e-04	-1.51460674e-03	-9.91548727e-04	-1.71056866e-04	-3.39803648e-03	-3.57307750e-04	-6.83626655e-04	-1.72453887e-03	1.92353945e-04	2.23281253e-04	-1.28116247e-03	-7.22677015e-04	-1.21699834e-03	-9.91082162e-05	7.81354365e-04	-1.33083025e-03	-1.08772452e-03	3.51229993e-04	4.49591709e-04	-6.53879945e-04	-8.94726765e-07	-2.04035054e-04	-5.78063890e-04	-4.49800027e-04	-5.46950489e-04	
1	-3.33176534e-02	-1.36042130e-02	-4.34051849e-03	-5.74980277e-03	-5.33435386e-03	2.82759189e-03	1.48221703e-03	-1.40239515e-03	-1.27196054e-03	6.36921377e-04	-2.79145719e-03	-4.55296893e-03	-1.96155229e-03	3.77972626e-03	1.45301954e-03	-6.11324407e-04	-1.12275307e-03	6.45638924e-04	-7.44789074e-04	3.90647249e-04	4.11322590e-03	9.76924250e-04	-6.24386903e-04	-1.24357360e-03	1.56910753e-03	1.34677081e-03	2.99788611e-03	7.92986150e-04	-1.12132700e-03	-1.16817373e-03	2.14553998e-03	2.53684649e-03	9.16161902e-04	-5.91379974e-04	-3.17804137e-04	2.26486235e-03	1.33470250e-03	-9.66231785e-05	-5.22508651e-04	9.83356809e-04	-6.52032940e-04	-1.14346512e-03	8.78797529e-05	-4.33415278e-04	4.12302945e-04	
2	1.66046163e-01	7.51046493e-02	4.48891745e-02	2.53852879e-02	1.47683916e-02	1.05228972e-02	1.00904609e-02	9.63713127e-03	6.62827211e-03	4.06475063e-02	2.11952470e-02	1.26888825e-02	8.57422700e-03	5.44028846e-03	4.60582930e-03	4.20275297e-03	4.19108986e-03	9.01071356e-03	6.67152093e-03	5.78733244e-03	3.51157035e-03	2.99316840e-03	1.79996014e-03	2.09914767e-03	3.08739115e-03	3.96211831e-03	1.20419891e-03	1.17003035e-03	4.22466153e-04	2.66348253e-04	4.34991683e-04	-2.01000898e-04	5.10547589e-05	6.66445234e-04	3.26384703e-04	-3.90989072e-04	8.43901821e-05	1.25784759e-03	9.40244974e-04	-5.53867738e-04	7.53871211e-04	1.19999529e-03	-7.93788506e-04	2.35173976e-04	-2.27660895e-04	
3	-1.16207929e-01	-4.09105906e-02	-1.88468425e-02	-1.09860060e-02	-6.57483931e-03	-1.13857938e-03	-1.32904410e-03	-2.85382316e-03	-1.71373923e-03	-3.22256833e-02	-1.72063676e-02	-9.07364571e-03	-4.49540675e-03	-1.19031280e-03	3.00244652e-04	-1.26521091e-03	-1.38868470e-03	-1.16199150e-02	-6.56217688e-03	-3.47342202e-03	-2.13930767e-03	-8.09010654e-04	1.97535244e-04	-8.06391492e-04	-4.89876673e-03	-4.56250705e-03	-2.70202855e-03	-1.37345201e-03	1.27938150e-04	3.04643059e-04	-3.08948660e-03	-9.61508981e-04	-1.18830534e-03	-2.77058334e-04	-3.71428274e-04	-6.94808566e-04	-7.25994092e-04	-4.94284390e-04	-7.28937730e-04	-2.17443905e-04	-9.32554191e-04	-9.04928777e-04	7.99065583e-04	2.05448739e-04	7.70548447e-04	
4	9.72674661e-02	2.80190648e-02	1.01520955e-02	4.61284508e-03	4.58798943e-03	5.41826481e-04	-9.65853022e-04	-1.11520222e-04	-2.61335163e-04	3.10646897e-02	1.27637178e-02	6.25447607e-03	3.15924077e-03	1.68098962e-03	-4.17197661e-04	1.57696756e-04	1.58169222e-03	1.15349631e-02	5.43437893e-03	1.57465202e-03	1.10946114e-03	-3.97531608e-04	1.86987282e-04	9.51456469e-04	2.77711489e-03	1.28213597e-03	8.66067754e-04	5.32153863e-04	-3.88623850e-04	4.03919552e-04	7.69945289e-04	1.49644079e-03	7.00542013e-04	-4.04065437e-04	-2.58634457e-04	7.99412531e-04	6.25701818e-04	4.52471778e-04	1.44454908e-04	1.34890581e-04	3.69550657e-04	3.62258493e-04	-3.09841624e-04	1.39812306e-05	-3.81246978e-05	
5	-7.46264226e-02	-1.92577807e-02	-5.31276010e-03	-2.92622740e-04	-1.32310380e-03	-2.48753400e-03	-3.73160461e-04	7.42243368e-04	-4.63228277e-05	-2.53764202e-02	-9.00089162e-03	-3.69646651e-03	-2.52317427e-03	-1.24303009e-03	-4.40226312e-04	4.88304568e-04	-4.66251821e-04	-9.15676412e-03	-5.60277580e-03	-1.94149574e-03	-6.44421337e-04	1.85140727e-04	8.31482505e-04	8.47106466e-05	-4.33422884e-03	-1.54877325e-03	8.82387897e-05	4.16839797e-04	6.04484839e-04	5.14998916e-04	-1.08844328e-03	-8.74973984e-04	-4.27661238e-04	7.35848948e-04	7.47952867e-04	-9.49624552e-04	-9.52661931e-04	1.85565818e-04	2.80529171e-04	-7.20735864e-04	-8.51266650e-05	-9.46591343e-07	5.93148976e-04	-9.62792251e-05	3.55711708e-04	
