## Order: 5
## Bins: 10
## Minimum Radius = 2.00e+01
## Maximum Radius = 1.60e+02
## Format: Row 1 = radial bin 1, Row 2 = radial bin 2, Rows 3+ = zeta_ell^ab
## Column 1 specifies the angular multipole
 	 0	 0	 0	 0	 0	 0	 0	 0	 0	 1	 1	 1	 1	 1	 1	 1	 1	 2	 2	 2	 2	 2	 2	 2	 3	 3	 3	 3	 3	 3	 4	 4	 4	 4	 4	 5	 5	 5	 5	 6	 6	 6	 7	 7	 8	 
	 1	 2	 3	 4	 5	 6	 7	 8	 9	 2	 3	 4	 5	 6	 7	 8	 9	 3	 4	 5	 6	 7	 8	 9	 4	 5	 6	 7	 8	 9	 5	 6	 7	 8	 9	 6	 7	 8	 9	 7	 8	 9	 8	 9	 9	
0	1.23915650e-01	5.67779029e-02	2.60682012e-02	1.48203749e-02	1.38427089e-02	1.07578773e-02	5.14034033e-03	2.46422295e-03	3.78881119e-03	1.52408430e-02	7.72360627e-03	3.12001252e-03	2.70505495e-03	1.58414561e-03	6.82390217e-04	-5.86558860e-04	1.78797197e-03	-4.01685102e-03	-1.35892904e-03	-2.36418759e-04	-6.86085488e-05	-3.68607110e-04	-5.48937457e-04	-1.70052123e-04	-2.72049211e-03	-3.62077050e-04	-1.11587733e-03	-8.08441303e-04	-6.34988184e-04	-3.27434103e-04	-1.08591966e-04	-1.05514153e-03	-1.04637730e-03	-4.43748732e-04	-1.88264867e-04	-5.38620455e-04	-9.05478525e-04	-4.58797992e-04	5.23147970e-05	-1.59945978e-03	-2.38776873e-04	2.44101538e-04	-4.99155268e-04	-1.57164553e-04	-4.50691795e-04	
1	-4.29194213e-02	-1.65513690e-02	-7.92048094e-03	-4.62092497e-03	-2.64255457e-03	1.85178873e-03	1.58071381e-04	-1.15863673e-03	1.23904328e-03	-3.20808086e-03	-4.29511146e-03	-4.51854694e-03	-2.34084862e-03	2.44065198e-03	1.48398492e-03	2.79501490e-04	-5.22847388e-05	-3.00604254e-04	-1.75076808e-03	-8.26173905e-04	3.02397578e-03	2.07588143e-03	4.83502346e-04	-1.43829647e-04	2.65835029e-03	1.66828316e-05	2.97978730e-03	1.64281581e-03	-3.12164161e-04	-1.01048254e-03	1.54382005e-04	1.44426473e-03	8.43276990e-04	-1.00749389e-03	-1.40425187e-03	6.93288362e-04	-2.58348801e-04	-1.26655827e-03	-1.09169306e-03	8.58107759e-04	-7.38456548e-04	-1.36990331e-04	3.91369424e-04	4.18359938e-05	1.15146124e-04	
2	1.82613036e-01	8.70568167e-02	4.99903036e-02	2.92548135e-02	1.51448917e-02	1.18725857e-02	1.26113015e-02	1.24863260e-02	8.36927734e-03	4.55345009e-02	2.66842771e-02	1.58872339e-02	9.34512330e-03	6.61747885e-03	5.51674608e-03	5.90770900e-03	4.11950126e-03	1.35096183e-02	9.99573387e-03	6.09560278e-03	3.08047333e-03	2.46152807e-03	2.97429832e-03	2.52792309e-03	5.17967580e-03	3.80418658e-03	2.35750693e-03	2.12989912e-03	1.54165442e-03	1.27351341e-03	8.53124143e-04	1.08227289e-03	1.08960215e-03	6.22388876e-04	4.80188426e-04	5.77807540e-04	4.69897115e-04	4.21100126e-04	5.48557066e-04	9.14543419e-04	7.83338102e-04	9.32857428e-04	1.77267429e-04	7.75791160e-04	2.81110835e-04	
3	-1.26718681e-01	-4.92363325e-02	-2.35859262e-02	-1.28527414e-02	-4.83685460e-03	-3.89755356e-04	-1.25441182e-03	-3.06869417e-03	-2.10926023e-03	-3.97070453e-02	-1.93118200e-02	-9.71007839e-03	-4.70379898e-03	-2.78555019e-03	-1.81469383e-03	-1.44261957e-03	-8.44519322e-04	-1.63083160e-02	-8.75485841e-03	-3.97488306e-03	-1.23945942e-03	-8.59236129e-04	-4.93563679e-04	-3.61849695e-04	-5.19705550e-03	-4.17184580e-03	-2.45835247e-03	-1.51660735e-03	-1.26107053e-03	-1.01292128e-04	-2.79765976e-03	-1.41063689e-03	-9.26718048e-04	-5.74734017e-04	3.59862875e-04	-1.10365231e-03	-3.90869512e-04	3.32270336e-04	6.33195213e-04	-6.45198461e-04	-4.87281090e-04	-5.04441128e-04	-9.93478822e-07	-5.87699624e-04	1.36008348e-04	
4	1.03510168e-01	3.05996274e-02	1.00051802e-02	4.47755293e-03	4.11185834e-03	2.81175042e-03	4.22681344e-04	1.03961074e-03	9.32766963e-04	3.20491908e-02	1.33340551e-02	7.36751741e-03	2.46483698e-03	1.09955354e-03	-8.70624386e-04	-5.21778523e-04	1.33011311e-03	1.38268592e-02	8.04490284e-03	2.60229219e-03	9.63691012e-04	1.56853501e-04	-4.73911471e-04	8.34710005e-05	5.37231742e-03	2.30789222e-03	1.56127596e-03	4.50231663e-04	4.60478223e-05	-1.02103814e-04	2.11106955e-03	1.23775347e-03	1.05387204e-03	3.10256415e-04	8.33286069e-04	1.77829509e-03	1.09487588e-03	2.94637624e-04	3.94059087e-04	1.39723529e-03	8.61083338e-04	3.93309876e-04	5.70186437e-04	6.23814234e-04	4.21996256e-04	
5	-8.28195371e-02	-1.96643524e-02	-4.41717990e-03	-8.59421968e-05	-4.02679326e-04	-2.11732465e-03	-8.73692622e-04	3.24593106e-04	2.26482533e-04	-2.85621115e-02	-9.04495856e-03	-1.99032948e-03	-1.97093261e-03	-1.99245265e-03	-4.66823366e-04	1.32549218e-03	9.49860456e-04	-1.05329291e-02	-5.66796980e-03	-1.87925510e-03	-5.42179339e-04	-2.14035386e-04	2.38461797e-04	-2.22822514e-04	-6.18479228e-03	-3.26332864e-03	-9.94848111e-04	5.17950789e-04	5.16030239e-05	1.39584083e-04	-2.58236863e-03	-8.78112119e-04	-2.53322936e-04	-5.83131491e-05	-2.56782401e-04	-1.58292857e-03	-1.02408790e-03	-5.60046166e-04	-6.00229940e-04	-1.15963709e-03	-1.16266861e-03	-5.95891093e-04	-1.53326194e-04	-2.53340590e-04	2.46945211e-04	
