## Order: 5
## Bins: 10
## Minimum Radius = 2.00e+01
## Maximum Radius = 1.60e+02
## Format: Row 1 = radial bin 1, Row 2 = radial bin 2, Rows 3+ = zeta_ell^ab
## Column 1 specifies the angular multipole
 	 0	 0	 0	 0	 0	 0	 0	 0	 0	 1	 1	 1	 1	 1	 1	 1	 1	 2	 2	 2	 2	 2	 2	 2	 3	 3	 3	 3	 3	 3	 4	 4	 4	 4	 4	 5	 5	 5	 5	 6	 6	 6	 7	 7	 8	 
	 1	 2	 3	 4	 5	 6	 7	 8	 9	 2	 3	 4	 5	 6	 7	 8	 9	 3	 4	 5	 6	 7	 8	 9	 4	 5	 6	 7	 8	 9	 5	 6	 7	 8	 9	 6	 7	 8	 9	 7	 8	 9	 8	 9	 9	
0	1.20096872e-01	4.30106830e-02	1.49098515e-02	4.26819086e-03	4.90343385e-03	8.01892257e-04	-4.58623010e-03	-4.74206060e-03	-7.92537674e-03	4.16851927e-03	5.29617684e-05	5.35393274e-04	2.47459638e-03	-4.98578398e-04	-1.92611165e-03	-8.44363235e-04	-1.87126177e-03	-6.90979517e-03	-8.64950513e-04	1.88873328e-03	2.66348391e-04	-8.92665471e-04	8.16735431e-05	-7.42179130e-04	-2.54894307e-03	4.92371674e-04	-2.95642246e-04	-6.28045068e-04	4.14325717e-04	3.25339879e-04	-5.06385519e-04	-5.18553371e-04	2.85144058e-04	1.14373877e-03	7.22839041e-04	-8.53435410e-04	1.90066416e-04	9.42097166e-04	4.45003931e-04	-1.14033395e-03	-1.24191631e-04	1.60850717e-04	-4.35492602e-04	2.63018254e-04	4.23677671e-04	
1	-4.48394069e-02	-1.63755415e-02	-4.61161956e-03	-3.70191883e-03	-4.88421722e-03	8.73659859e-04	-6.31501814e-04	-1.32841920e-03	-2.69215987e-03	2.58904053e-03	3.86885382e-04	-1.49454549e-03	-2.46062412e-03	5.24346173e-04	-3.10646143e-04	-1.20188763e-03	-1.94092811e-03	6.32499005e-03	1.95019048e-03	-1.04547788e-03	3.94204850e-04	-5.68841742e-04	-6.63247386e-04	-1.15389862e-03	5.23411009e-03	9.11706081e-04	2.90732107e-04	2.89770535e-04	-3.43167067e-04	-4.41920865e-04	4.54117179e-04	2.29293107e-05	5.06592446e-04	-1.92138357e-04	-9.04790286e-05	-9.95366889e-05	-2.26374590e-04	-2.84067814e-04	-3.64737498e-05	7.75500167e-04	5.26425151e-05	4.71775743e-04	8.38648597e-04	6.67756924e-04	6.55048929e-04	
2	1.86641281e-01	9.59595956e-02	5.47873180e-02	3.09874533e-02	1.61910505e-02	1.15518194e-02	9.95051578e-03	7.07146121e-03	4.47910989e-03	5.32269517e-02	2.74495060e-02	1.51755725e-02	9.75023766e-03	6.79587664e-03	3.54136867e-03	2.50832464e-03	1.39850996e-03	1.14329734e-02	9.25214733e-03	5.44428046e-03	3.32381274e-03	2.26575030e-03	1.75016544e-03	9.29721865e-04	2.57686340e-03	2.89139029e-03	1.08411005e-03	1.63582291e-03	1.70996028e-03	1.20912904e-03	1.83044361e-04	1.32495700e-04	1.13146564e-03	1.17872668e-03	6.28261854e-04	-2.97965688e-04	4.81349008e-05	-4.84989298e-05	5.51828446e-05	-8.46102788e-05	4.80891015e-04	5.22356925e-04	-5.38414696e-04	-5.37457763e-06	-3.44308660e-04	
3	-1.25352863e-01	-4.78523475e-02	-2.34093169e-02	-1.50357116e-02	-7.03831230e-03	-1.24540740e-03	-2.03495746e-03	-3.38149596e-03	-1.46914142e-03	-4.02707084e-02	-2.05428195e-02	-1.16973745e-02	-4.65233029e-03	-1.98713112e-03	-2.98732041e-03	-2.77385448e-03	-4.13457839e-04	-1.10851651e-02	-6.58839463e-03	-3.40528295e-03	-2.23642656e-03	-2.00092438e-03	-1.96408096e-03	-7.88005606e-04	-2.40575030e-03	-2.72986420e-03	-1.72746740e-03	-1.57003435e-03	-1.41041408e-03	-3.32113707e-04	-1.18746259e-03	-1.60682464e-03	-8.97529434e-04	-8.76502750e-04	-6.84720711e-05	-4.90460273e-04	-7.85377578e-04	-6.87672843e-04	-2.69289428e-04	-4.70174043e-04	-3.73389480e-04	-2.26172961e-04	-7.79112476e-05	-4.27380156e-04	-1.36913537e-06	
4	1.02013302e-01	3.10343726e-02	1.34545574e-02	6.42532829e-03	5.26592285e-03	2.05663620e-03	-3.83866703e-04	1.02999185e-03	-1.16129240e-03	3.38484503e-02	1.62849690e-02	8.51891838e-03	4.65818379e-03	1.27129016e-03	2.43727884e-04	6.36162242e-04	2.85993042e-04	1.26710029e-02	9.46484031e-03	4.49287734e-03	1.64787275e-03	9.20166740e-04	8.95084746e-04	4.49566106e-04	4.87179053e-03	4.05690824e-03	1.15084188e-03	5.20075922e-04	1.00433277e-03	5.27671973e-04	1.93197642e-03	6.46261489e-04	3.21740148e-04	1.17297002e-03	6.59701357e-04	-3.64334699e-04	-4.12060250e-04	6.85791784e-04	5.74761297e-04	-7.63568542e-04	6.79870332e-04	1.05497380e-03	-1.08869149e-04	5.07958668e-04	2.31420805e-05	
5	-8.02440730e-02	-2.10698887e-02	-7.00961014e-03	-1.55985362e-03	-2.04313675e-03	-1.55537274e-03	-4.81619119e-04	-4.46861040e-04	2.83089534e-05	-2.88574883e-02	-1.12495209e-02	-3.25732272e-03	-2.63432086e-03	-1.29660778e-03	5.39012343e-04	4.73197691e-06	3.94697571e-05	-1.14206408e-02	-6.54098214e-03	-4.22756829e-03	-1.53641859e-03	-6.21732518e-04	-1.63323638e-04	1.49938987e-04	-4.19683171e-03	-2.74800160e-03	-7.94564096e-04	4.13077487e-06	1.15933806e-04	-1.10255547e-04	-9.21066762e-04	-6.18315871e-04	-4.90174204e-04	-2.41215790e-04	-4.85343654e-04	-8.00587353e-04	-4.75521340e-04	-3.12937707e-04	-5.22191690e-04	-2.34192059e-04	-2.23660911e-04	-4.03420809e-04	8.16857088e-04	2.16193302e-05	3.61042997e-04	
