## Order: 5
## Bins: 10
## Minimum Radius = 2.00e+01
## Maximum Radius = 1.60e+02
## Format: Row 1 = radial bin 1, Row 2 = radial bin 2, Rows 3+ = zeta_ell^ab
## Column 1 specifies the angular multipole
 	 0	 0	 0	 0	 0	 0	 0	 0	 0	 1	 1	 1	 1	 1	 1	 1	 1	 2	 2	 2	 2	 2	 2	 2	 3	 3	 3	 3	 3	 3	 4	 4	 4	 4	 4	 5	 5	 5	 5	 6	 6	 6	 7	 7	 8	 
	 1	 2	 3	 4	 5	 6	 7	 8	 9	 2	 3	 4	 5	 6	 7	 8	 9	 3	 4	 5	 6	 7	 8	 9	 4	 5	 6	 7	 8	 9	 5	 6	 7	 8	 9	 6	 7	 8	 9	 7	 8	 9	 8	 9	 9	
0	1.25771301e-01	5.62841240e-02	2.82782946e-02	1.90327202e-02	1.33445046e-02	6.18583124e-03	2.11479904e-03	2.91718252e-04	-2.81252858e-03	2.19670623e-02	1.06752620e-02	8.22236439e-03	7.59535671e-03	3.06452475e-03	1.06801811e-03	-1.10713278e-03	-1.85043331e-03	7.95577289e-04	1.58338180e-03	2.62167813e-03	1.18710595e-03	-4.01726486e-04	-1.71178841e-03	-1.91749551e-03	3.49224100e-05	5.85969092e-04	-8.74372994e-04	-1.62456211e-03	-1.98584167e-03	-1.46141006e-03	-7.20278774e-04	-1.34381746e-03	-2.13673817e-03	-1.38955779e-03	-1.02934344e-03	-9.79813371e-04	-1.60517162e-03	-7.59042879e-04	-2.25892286e-04	-1.53082811e-03	-7.85531061e-04	-2.62258172e-04	-9.69190823e-04	-3.94197043e-04	-3.53220336e-04	
1	-4.81344982e-02	-1.61625572e-02	-4.02202602e-03	-6.41668699e-03	-4.69490871e-03	-6.75098951e-04	-1.20887680e-03	-1.04663560e-03	-1.32956933e-03	-5.09600985e-03	-1.06228808e-03	-5.78471118e-03	-3.90550765e-03	-3.83876373e-04	-4.93848367e-04	-1.21545647e-03	-9.27201731e-04	1.99821328e-03	-2.29606158e-03	-2.53055211e-03	-6.06422993e-04	-8.41650050e-04	-8.21135543e-04	-1.66873318e-04	4.46246160e-04	-1.09302833e-03	3.03379831e-04	-1.63146206e-05	-2.90575742e-04	-2.96462958e-04	4.54721461e-04	1.24479817e-03	8.13817260e-04	2.46728579e-04	2.36551601e-04	6.61286691e-04	1.10704775e-03	7.43838508e-04	7.01272625e-04	1.81124140e-03	7.55749156e-04	5.37128635e-04	1.09711397e-03	8.47946235e-04	1.24192767e-03	
2	1.80661760e-01	8.77162382e-02	4.85406896e-02	2.67888452e-02	1.73133822e-02	1.20055262e-02	9.73914301e-03	7.59719812e-03	6.18294595e-03	4.85467961e-02	2.35133607e-02	1.38775106e-02	9.21459137e-03	5.53550840e-03	4.46134917e-03	4.40096272e-03	3.75780816e-03	1.34478552e-02	9.96347841e-03	6.16977284e-03	3.39110751e-03	2.33599080e-03	2.60294202e-03	2.55556428e-03	5.47722148e-03	4.99022515e-03	3.25590166e-03	2.32630077e-03	2.01713802e-03	1.83025851e-03	3.40908007e-03	2.54646781e-03	1.80763721e-03	1.63767661e-03	1.53502264e-03	1.67849769e-03	1.56081075e-03	1.09346438e-03	6.32747332e-04	1.02369337e-03	8.81458700e-04	5.49368937e-04	-3.27760127e-04	-2.93336237e-04	-4.01949468e-04	
3	-1.27108089e-01	-4.34350704e-02	-2.14596914e-02	-1.23394562e-02	-5.10324683e-03	-6.48491076e-04	-1.77790431e-03	-2.33003176e-03	-1.55535872e-03	-3.62671164e-02	-1.87601423e-02	-1.01269908e-02	-4.84849409e-03	-1.87470398e-03	-1.22909930e-03	-9.90700162e-04	-6.68659903e-04	-1.42003581e-02	-8.73821356e-03	-4.67559616e-03	-2.57761169e-03	-1.22985351e-03	-8.02699963e-04	-1.41758528e-03	-5.26709731e-03	-3.87912112e-03	-2.60353634e-03	-1.52184402e-03	-1.04279553e-03	-1.23788095e-03	-3.06321837e-03	-1.78064418e-03	-1.79095484e-03	-1.37020175e-03	-1.21529634e-03	-1.93258199e-03	-1.67555153e-03	-1.09362717e-03	-1.10305831e-03	-1.40022830e-03	-7.20517940e-04	-8.80543572e-04	-5.51229777e-04	-5.26960056e-04	5.55513575e-04	
4	1.08733716e-01	3.00070161e-02	1.28757163e-02	6.45128271e-03	5.75101650e-03	3.27708882e-03	2.56225845e-03	1.60018631e-03	7.68802039e-04	3.31976533e-02	1.31901001e-02	7.34502139e-03	3.59625540e-03	1.28876715e-03	2.53284768e-04	7.36486864e-05	6.52216804e-04	1.37613411e-02	7.05216633e-03	3.83390007e-03	1.71089719e-03	6.35631598e-04	-3.02061418e-04	-1.71175367e-04	5.75476052e-03	2.91888248e-03	1.11817287e-03	1.12845485e-03	3.58249628e-04	8.92800367e-05	2.59873537e-03	1.06827470e-03	7.62631043e-04	7.21503854e-06	4.66408023e-04	1.18709793e-03	8.33974254e-04	6.19263512e-04	6.86768596e-04	5.30270228e-04	4.42361755e-04	4.83410649e-04	2.26072774e-04	3.21753819e-04	-2.16269597e-04	
5	-8.52871431e-02	-1.89533326e-02	-4.51696645e-03	-1.97849874e-03	-1.27631791e-03	-1.34714639e-03	-8.65041123e-04	-1.45869638e-03	-2.31606633e-04	-3.05393111e-02	-9.16249609e-03	-4.09998032e-03	-2.84012043e-03	-1.50428761e-03	-2.85445558e-04	7.88146736e-05	-5.16812568e-05	-1.06530974e-02	-5.78359931e-03	-2.80799722e-03	-1.90612163e-03	-8.92518141e-04	-8.78749769e-05	2.05333931e-04	-5.82049457e-03	-3.57642318e-03	-9.06843772e-04	-2.43548330e-04	-1.28252257e-04	-8.43753549e-05	-1.97608328e-03	-1.06261488e-03	-5.60666407e-04	-2.51558457e-04	1.56363392e-04	-2.03238931e-03	-1.16047530e-03	-4.26234920e-04	-4.19969875e-06	-1.12024185e-03	-8.24666212e-04	-5.89938406e-04	-6.03173942e-04	-6.75168684e-04	-4.51696189e-04	
