## Order: 5
## Bins: 10
## Minimum Radius = 2.00e+01
## Maximum Radius = 1.60e+02
## Format: Row 1 = radial bin 1, Row 2 = radial bin 2, Rows 3+ = zeta_ell^ab
## Column 1 specifies the angular multipole
 	 0	 0	 0	 0	 0	 0	 0	 0	 0	 1	 1	 1	 1	 1	 1	 1	 1	 2	 2	 2	 2	 2	 2	 2	 3	 3	 3	 3	 3	 3	 4	 4	 4	 4	 4	 5	 5	 5	 5	 6	 6	 6	 7	 7	 8	 
	 1	 2	 3	 4	 5	 6	 7	 8	 9	 2	 3	 4	 5	 6	 7	 8	 9	 3	 4	 5	 6	 7	 8	 9	 4	 5	 6	 7	 8	 9	 5	 6	 7	 8	 9	 6	 7	 8	 9	 7	 8	 9	 8	 9	 9	
0	1.13721235e-01	5.22948936e-02	2.89950729e-02	2.10158401e-02	1.59608435e-02	9.26405574e-03	2.79002120e-03	-1.04928781e-03	-6.16780282e-04	1.98847306e-02	1.33136940e-02	8.52809449e-03	5.53076874e-03	3.82897259e-03	1.30348095e-03	9.28001760e-04	1.41742305e-03	3.74205011e-03	3.43745211e-03	1.63165590e-03	9.80224953e-04	3.71824298e-04	4.56872237e-04	1.08376991e-03	7.60257101e-04	1.02471341e-03	6.55745352e-04	5.27678358e-04	1.32691502e-03	1.19826946e-03	2.72812282e-03	2.21766669e-03	9.54725991e-04	1.01979630e-03	9.23835353e-04	1.51926746e-03	9.70830699e-04	1.03832866e-03	1.09967867e-03	-4.89008535e-04	6.61095755e-04	7.47071556e-04	-2.38685257e-04	6.25266302e-04	-4.38771958e-05	
1	-3.80993059e-02	-1.61018262e-02	-5.29196460e-03	-5.28850782e-03	-2.48172974e-03	3.87466148e-04	-1.59089926e-04	-2.14918831e-03	-6.16635227e-04	-3.91644957e-03	-3.86680721e-03	-4.78969238e-03	-2.32538338e-03	2.18076036e-03	1.25858704e-03	-1.11520243e-03	-1.10868321e-03	-7.30459097e-04	-2.06664772e-03	-1.44052232e-03	2.01145848e-03	1.38769614e-03	-4.31636291e-04	-4.69744835e-04	-1.02909040e-03	-1.29484796e-03	1.60515776e-03	1.60785902e-03	5.20203522e-04	-3.65242067e-04	-5.09309805e-04	9.23417210e-04	7.43809036e-04	1.32715316e-04	-9.19735155e-05	6.73440007e-04	5.04431248e-04	3.29853577e-04	1.38661806e-04	1.16073013e-03	3.79251035e-04	-1.18362435e-04	9.24305085e-04	-2.21152870e-04	7.00701811e-05	
2	1.76605928e-01	8.47988063e-02	4.38521450e-02	2.50854984e-02	1.54463586e-02	1.34223768e-02	1.54396801e-02	1.15110394e-02	8.01000825e-03	4.48769672e-02	2.50529307e-02	1.52005035e-02	9.90927371e-03	8.82278878e-03	7.62801427e-03	5.15721389e-03	5.30777117e-03	1.21081919e-02	9.68931704e-03	6.56428310e-03	4.61265217e-03	4.08068218e-03	2.99840529e-03	2.10556326e-03	5.43993075e-03	4.35587277e-03	3.04882102e-03	2.28106591e-03	5.25560408e-04	4.00006044e-04	2.68366387e-03	1.76471856e-03	1.27880790e-03	2.12793060e-04	3.19869812e-04	1.31322792e-03	1.20599165e-03	5.19565596e-04	5.79523749e-05	9.76553498e-04	1.38900325e-03	7.45011271e-04	-1.14081506e-04	1.41038332e-04	-3.92961799e-04	
3	-1.22070004e-01	-4.52980655e-02	-2.16204147e-02	-1.24981754e-02	-4.34473692e-03	-1.50398143e-03	-2.26129642e-03	-3.29490945e-03	-2.39338878e-03	-3.57053257e-02	-1.73899814e-02	-9.05757888e-03	-4.98071202e-03	-2.83250324e-03	-2.49212550e-03	-1.06330617e-03	-2.03057820e-03	-1.02955435e-02	-5.93496227e-03	-3.82146638e-03	-3.27290289e-03	-2.92970387e-03	-1.22564867e-03	-6.49005640e-04	-3.80215662e-03	-2.61368946e-03	-1.82423976e-03	-2.21840790e-03	-1.22825626e-03	-8.76018874e-05	-8.09740038e-04	-3.30677086e-04	-7.84732561e-04	-3.83872751e-04	2.96062972e-04	-6.95155473e-04	-3.89565278e-04	-2.32158710e-04	1.65928582e-04	-5.23041935e-04	-6.45674202e-04	-5.08329979e-04	-4.36166311e-04	-5.14563342e-04	1.13862972e-04	
4	1.06503740e-01	3.18928514e-02	1.26066682e-02	4.62417092e-03	2.18880814e-03	-4.85494106e-04	-1.39917138e-03	-6.00805908e-04	1.07024966e-03	3.30687876e-02	1.42843077e-02	6.81505608e-03	2.01189954e-03	8.41994590e-04	-4.90968089e-04	-3.60029439e-04	8.94849140e-04	1.22945900e-02	7.26118422e-03	1.46302515e-03	1.00290123e-03	2.47630513e-04	6.91243845e-05	9.89735978e-06	5.85324342e-03	2.81174157e-03	1.60719052e-03	9.36186878e-04	1.08091878e-03	2.75543336e-04	2.10982316e-03	1.02933854e-03	1.02708390e-03	7.56162609e-04	7.92425233e-04	1.00863721e-03	1.31858774e-03	1.06679584e-03	8.55310726e-04	1.25920689e-03	1.41247308e-03	1.27416445e-03	1.21063614e-03	1.21689183e-03	6.07208556e-04	
5	-8.30789201e-02	-2.08634919e-02	-5.93605271e-03	-2.62163133e-03	-7.89976224e-04	-1.48246972e-03	1.15639315e-03	8.27860763e-04	-7.48773483e-04	-2.77143744e-02	-9.01704002e-03	-3.45489746e-03	-2.09670438e-03	-1.12844264e-03	2.28591024e-04	4.17105226e-04	-4.59738541e-04	-1.11947216e-02	-5.87745300e-03	-3.17116474e-03	-1.10763902e-03	-6.17189885e-04	-2.61362101e-04	4.04252068e-04	-5.03246585e-03	-2.91291990e-03	-1.18417785e-03	-4.52167463e-04	-2.49337213e-04	-3.39307630e-04	-3.64927909e-03	-1.24144236e-03	-3.40658985e-04	-4.11182940e-04	3.26722199e-06	-1.51082525e-03	-7.26394213e-04	-2.01900845e-04	1.35813138e-04	-3.65955668e-04	-2.62928356e-04	-5.58906342e-04	3.52474767e-04	-5.23466474e-04	3.60638971e-05	
