## Order: 5
## Bins: 10
## Minimum Radius = 2.00e+01
## Maximum Radius = 1.60e+02
## Format: Row 1 = radial bin 1, Row 2 = radial bin 2, Rows 3+ = zeta_ell^ab
## Column 1 specifies the angular multipole
 	 0	 0	 0	 0	 0	 0	 0	 0	 0	 1	 1	 1	 1	 1	 1	 1	 1	 2	 2	 2	 2	 2	 2	 2	 3	 3	 3	 3	 3	 3	 4	 4	 4	 4	 4	 5	 5	 5	 5	 6	 6	 6	 7	 7	 8	 
	 1	 2	 3	 4	 5	 6	 7	 8	 9	 2	 3	 4	 5	 6	 7	 8	 9	 3	 4	 5	 6	 7	 8	 9	 4	 5	 6	 7	 8	 9	 5	 6	 7	 8	 9	 6	 7	 8	 9	 7	 8	 9	 8	 9	 9	
0	1.22462695e-01	5.51498775e-02	2.62810310e-02	1.45250845e-02	1.03861890e-02	2.39817036e-03	-5.30012326e-03	-4.01617544e-03	-5.02154590e-03	1.53048257e-02	8.72542504e-03	5.62331901e-03	5.91994058e-03	2.71094602e-03	-1.10515045e-03	-9.46187833e-04	-1.00719231e-03	7.19867903e-04	1.78992267e-03	3.41255508e-03	1.14138254e-03	-6.06215676e-04	3.91440005e-05	1.58121211e-04	1.59914178e-04	2.38475091e-03	-8.02354360e-05	-3.57031700e-04	1.85429021e-04	5.63745268e-04	2.23761457e-03	1.84697060e-04	-1.52927301e-04	1.61666663e-04	6.42183359e-04	2.06362273e-04	-6.04559545e-04	-5.26652701e-04	-9.11397286e-05	-1.77699850e-03	-6.02630180e-04	-3.16681938e-04	-5.48976791e-04	-2.31498763e-04	1.26331933e-04	
1	-4.75801455e-02	-2.19213673e-02	-5.74028170e-03	-4.95309788e-03	-4.94258302e-03	-1.29162710e-03	-1.13884583e-03	6.69881632e-05	-1.85263081e-04	-2.61240766e-03	-1.82676363e-03	-3.60820133e-03	-5.83766202e-03	-6.46823305e-04	1.23368297e-03	2.61036361e-04	-8.70560995e-04	1.49197288e-03	-2.70503011e-03	-4.02536822e-03	1.65787197e-04	1.40080849e-03	8.00547522e-04	-2.76848249e-04	-6.15703449e-04	-2.04655463e-03	9.56419216e-04	1.52253232e-03	5.96998489e-04	-2.89409920e-04	-1.54219105e-03	4.10641089e-04	-2.55879769e-04	-5.41981134e-04	-1.09879217e-03	-1.46527174e-03	-1.40327143e-03	-1.18467790e-03	-5.63702904e-04	-3.27712009e-04	-4.95773348e-04	2.88781763e-05	5.79972782e-04	-1.23210707e-04	-3.34149616e-04	
2	1.82241992e-01	8.48829498e-02	4.50362581e-02	2.65068321e-02	1.52492261e-02	1.21021198e-02	1.15594440e-02	7.77699735e-03	5.97925745e-03	4.67524283e-02	2.46585919e-02	1.16037803e-02	5.99395178e-03	5.67051730e-03	5.25003218e-03	2.95685408e-03	2.57863807e-03	1.17239732e-02	7.50175503e-03	5.78979412e-03	4.78534958e-03	3.70227960e-03	1.13565790e-03	1.06458995e-03	3.94849181e-03	4.13445776e-03	2.57445309e-03	1.66522234e-03	7.92725471e-07	-2.27263132e-04	1.61164006e-03	1.18896706e-03	-4.64150902e-06	-9.38484558e-04	-5.14914808e-04	-1.37999214e-04	-2.99867926e-04	-7.93812919e-04	1.87708960e-04	-1.61497245e-04	2.23554692e-04	7.62010550e-04	-2.67932391e-04	-3.40583896e-05	-2.67765585e-04	
3	-1.27828389e-01	-5.07978375e-02	-2.06783821e-02	-1.17349520e-02	-5.38874326e-03	-1.33244162e-03	-1.81982032e-03	-2.41052366e-03	-1.32318232e-03	-3.52411854e-02	-1.80672653e-02	-8.44342826e-03	-4.83626120e-03	-1.25304709e-03	-3.13536459e-04	-7.45551964e-04	-9.34634367e-04	-1.26640933e-02	-6.05517307e-03	-2.77419470e-03	-1.43331334e-03	-1.38278106e-03	-9.33117621e-04	-8.67357863e-04	-2.04060547e-03	-1.45622741e-03	-8.48395306e-04	-1.26669021e-03	-1.28885935e-03	-5.47179114e-04	-5.63665296e-04	-1.56676527e-03	-5.08834884e-04	-5.16838649e-04	-1.50949438e-04	-7.35001393e-04	-1.03620947e-04	-1.90161635e-04	1.81762874e-04	4.07940115e-04	-4.34979987e-05	1.95641961e-04	8.06618426e-04	5.64071662e-04	8.59057447e-04	
4	1.02140821e-01	3.34123602e-02	9.20096767e-03	3.41466299e-03	3.60632246e-03	8.49155322e-04	6.47327439e-04	1.30100603e-03	4.24025508e-04	3.20457809e-02	1.31493931e-02	7.48447669e-03	4.91996969e-03	1.30443350e-03	-1.23488889e-04	-4.71335040e-05	1.37822559e-03	1.31843870e-02	7.22010606e-03	4.40538283e-03	1.98102854e-03	5.23545899e-04	-2.28356392e-04	9.01225816e-04	4.77472927e-03	2.46461788e-03	1.42115234e-03	5.77933071e-04	7.21799261e-05	8.41492495e-04	9.43566996e-04	3.17334118e-04	1.52322450e-04	2.66015711e-04	6.53570948e-04	4.56983528e-04	-3.10078362e-04	-1.67483319e-04	6.53387934e-04	8.45107289e-05	5.59799358e-04	6.29651810e-04	1.14004441e-04	4.00727497e-04	7.35998133e-05	
5	-7.98404157e-02	-2.02746790e-02	-5.32567772e-03	-8.45623820e-04	-1.05519668e-03	-8.02311730e-04	7.88878139e-04	-9.18327724e-04	-7.60045905e-04	-2.75490299e-02	-8.97606391e-03	-3.47023220e-03	-2.78840141e-03	-1.43558525e-03	-2.79111217e-04	-4.73628013e-06	-8.26616903e-04	-9.02078086e-03	-5.17703556e-03	-2.78330400e-03	-1.28387282e-03	-8.13222756e-04	-7.13550690e-04	-1.17451940e-03	-6.29665458e-03	-3.40094765e-03	-2.41112318e-03	-9.55263347e-04	-5.35565261e-04	-9.84271177e-04	-2.55916926e-03	-1.60826478e-03	-5.88641296e-04	-7.65241860e-04	-9.59045973e-04	-1.32907550e-03	-6.84458819e-04	-2.94224334e-04	-3.09496588e-04	2.50550185e-04	-3.85273422e-04	-3.88007665e-04	5.97608822e-04	-2.78218530e-04	5.25010630e-04	
