## Order: 5
## Bins: 10
## Minimum Radius = 2.00e+01
## Maximum Radius = 1.60e+02
## Format: Row 1 = radial bin 1, Row 2 = radial bin 2, Rows 3+ = zeta_ell^ab
## Column 1 specifies the angular multipole
 	 0	 0	 0	 0	 0	 0	 0	 0	 0	 1	 1	 1	 1	 1	 1	 1	 1	 2	 2	 2	 2	 2	 2	 2	 3	 3	 3	 3	 3	 3	 4	 4	 4	 4	 4	 5	 5	 5	 5	 6	 6	 6	 7	 7	 8	 
	 1	 2	 3	 4	 5	 6	 7	 8	 9	 2	 3	 4	 5	 6	 7	 8	 9	 3	 4	 5	 6	 7	 8	 9	 4	 5	 6	 7	 8	 9	 5	 6	 7	 8	 9	 6	 7	 8	 9	 7	 8	 9	 8	 9	 9	
0	1.07379346e-01	4.61248239e-02	2.07494438e-02	1.70975328e-02	1.79635873e-02	1.32960351e-02	6.82242557e-03	-8.99368532e-05	5.77687336e-04	1.16070042e-02	5.50614068e-03	4.31651231e-03	4.83401338e-03	4.47412008e-03	1.85842657e-03	1.26146085e-03	2.48261562e-03	-1.08914724e-03	1.19092194e-04	2.75013924e-03	1.88455849e-03	6.89141801e-04	7.06361935e-04	9.82906876e-04	-2.17030310e-03	6.61612035e-04	3.77335281e-04	-5.02921083e-05	5.53166136e-04	3.18427294e-04	9.77718425e-04	1.49726744e-04	2.25038425e-04	9.20137424e-04	6.06677961e-04	1.12138684e-03	7.33048972e-04	1.18531067e-03	1.23106731e-03	2.15640564e-04	1.93871245e-04	3.98396667e-04	3.54755111e-05	3.69234307e-04	3.94568017e-04	
1	-3.85655813e-02	-1.37437394e-02	-4.14875098e-03	5.35820204e-05	-2.84901310e-03	-4.75332588e-04	-8.03616628e-04	-2.54122968e-03	-6.89018747e-04	5.93931870e-04	-9.12320012e-04	-3.33624607e-03	-3.35172095e-03	1.76542214e-03	1.18933670e-03	7.70863070e-04	3.72051643e-04	1.85709587e-03	-1.62249261e-03	-2.82868102e-03	-2.34996520e-05	6.69734197e-05	5.81281578e-04	6.90417409e-04	6.01529607e-05	-1.86451818e-03	1.30326550e-04	9.02798646e-04	1.32609911e-03	8.49249540e-04	-1.08031796e-03	5.31420046e-04	9.27230979e-04	6.31128395e-04	1.24837519e-04	5.39532953e-04	1.37313033e-03	2.75779909e-04	-1.51847680e-04	1.12574614e-03	6.15028407e-05	-2.10666045e-05	2.58392941e-04	4.84109395e-07	6.02768580e-04	
2	1.82899596e-01	8.64315016e-02	5.07060914e-02	2.76688072e-02	1.63644105e-02	1.34050915e-02	1.21687341e-02	1.20863853e-02	6.33325162e-03	4.79975034e-02	2.60131145e-02	1.35446323e-02	9.29079177e-03	5.97070665e-03	5.14094147e-03	6.02211289e-03	3.79821980e-03	9.90566444e-03	6.82782671e-03	5.43996099e-03	2.90940283e-03	1.61985583e-03	2.02258233e-03	1.25630749e-03	1.92225834e-03	2.89035596e-03	1.96510213e-03	1.89890076e-03	1.11352460e-03	4.68944603e-04	1.77937257e-03	1.46027248e-03	1.09724447e-03	5.24463529e-04	-8.75127172e-05	1.35123745e-03	1.05481127e-03	4.81002899e-04	3.92967884e-04	1.00919050e-03	8.56166780e-04	7.51338780e-04	2.74780527e-04	5.49895757e-04	-1.87209324e-04	
3	-1.29332970e-01	-4.58612397e-02	-2.25899874e-02	-1.40403242e-02	-6.55574244e-03	-2.50990016e-03	-9.84373696e-04	-2.97063460e-03	-3.76194252e-03	-3.80729639e-02	-2.02539966e-02	-1.14681045e-02	-5.54122801e-03	-1.53379687e-03	-1.81397208e-04	-1.42951109e-03	-2.37763260e-03	-1.37841830e-02	-9.08800820e-03	-4.73633575e-03	-2.56827459e-03	-5.94222100e-04	2.46272311e-04	-7.90784399e-04	-5.53691946e-03	-4.54056393e-03	-2.22131114e-03	-8.65279884e-04	-2.33323545e-04	-2.31967678e-04	-3.74389819e-03	-1.93608612e-03	-1.05917026e-03	-4.70686080e-04	-1.01589404e-04	-3.00717346e-03	-1.64605099e-03	-1.28831033e-03	-2.01391520e-04	-1.92260102e-03	-1.43360668e-03	-7.04993087e-04	3.09254924e-04	-3.75466935e-04	3.61741459e-04	
4	1.06394973e-01	3.13840062e-02	9.74909942e-03	5.19410761e-03	2.16603160e-03	-3.24419741e-04	-9.51797693e-04	-2.06504366e-03	4.15255882e-04	3.18843531e-02	1.31391002e-02	6.96640792e-03	2.99609786e-03	1.13476289e-03	2.61667638e-04	-1.32001544e-03	5.22941322e-04	1.27470295e-02	6.99547014e-03	3.04361690e-03	1.17201115e-03	3.99907332e-04	-9.63203675e-04	-1.46426569e-04	4.09227621e-03	2.43748560e-03	7.64275808e-04	9.16600543e-04	-1.24763890e-03	-6.89399821e-04	2.53668117e-03	1.30349057e-03	6.78193141e-04	-5.99623737e-04	-6.22094584e-04	1.74154834e-03	8.04116613e-04	-2.35818309e-04	1.46658288e-04	1.34940174e-03	9.80926258e-04	4.08647933e-04	7.76490085e-04	3.79345788e-04	-3.73043076e-05	
5	-8.52534038e-02	-2.11963950e-02	-7.30467096e-03	-2.94829532e-03	-9.23449940e-04	9.45267274e-05	-5.58283747e-05	3.20750132e-05	-4.43167770e-04	-3.25879577e-02	-1.17171479e-02	-4.35468217e-03	-1.62155865e-03	-1.30646312e-03	-3.36206275e-04	4.75578607e-04	6.27544999e-05	-1.20747705e-02	-6.10484050e-03	-2.74144388e-03	-9.58981209e-04	-1.75501748e-04	3.39260400e-04	3.58856582e-04	-5.79443173e-03	-3.40931257e-03	-9.94100339e-04	1.04890731e-04	1.88125649e-04	6.50738856e-04	-3.16998258e-03	-1.02351635e-03	-3.81679986e-04	9.41434788e-06	2.88488960e-04	-1.82046446e-03	-5.76690769e-04	-1.50858781e-04	8.13469406e-04	-1.19396626e-03	-6.16548620e-04	1.14018054e-04	-2.19038756e-04	-4.56627209e-04	1.65813432e-04	
