## Order: 5
## Bins: 10
## Minimum Radius = 2.00e+01
## Maximum Radius = 1.60e+02
## Format: Row 1 = radial bin 1, Row 2 = radial bin 2, Rows 3+ = zeta_ell^ab
## Column 1 specifies the angular multipole
 	 0	 0	 0	 0	 0	 0	 0	 0	 0	 1	 1	 1	 1	 1	 1	 1	 1	 2	 2	 2	 2	 2	 2	 2	 3	 3	 3	 3	 3	 3	 4	 4	 4	 4	 4	 5	 5	 5	 5	 6	 6	 6	 7	 7	 8	 
	 1	 2	 3	 4	 5	 6	 7	 8	 9	 2	 3	 4	 5	 6	 7	 8	 9	 3	 4	 5	 6	 7	 8	 9	 4	 5	 6	 7	 8	 9	 5	 6	 7	 8	 9	 6	 7	 8	 9	 7	 8	 9	 8	 9	 9	
0	1.18480828e-01	5.49766876e-02	2.87463159e-02	1.59132667e-02	1.34299936e-02	1.14332771e-02	8.05440118e-03	5.39234604e-03	4.43685841e-04	1.02056176e-02	6.69154652e-03	3.95252980e-03	3.84393298e-03	2.70017526e-03	1.71033734e-03	3.16385457e-03	1.81829231e-03	-1.33065644e-03	1.17399019e-03	1.94747200e-03	7.60841299e-05	-7.69848486e-04	4.06110216e-04	2.07693583e-03	-2.80759569e-04	5.09826281e-04	-1.07628766e-03	-7.35644258e-04	-5.69764307e-04	3.18878840e-04	7.93060669e-04	1.92767454e-04	3.03790148e-04	-1.45614688e-04	2.89044816e-04	6.01897002e-04	2.43631181e-04	-2.21286162e-04	-3.95083581e-04	2.73697935e-05	-4.93646523e-04	-3.65198163e-04	8.00873190e-05	1.28904551e-04	-1.49820583e-05	
1	-3.10376914e-02	-1.24869662e-02	-9.40916081e-03	-5.27726180e-03	-3.41585287e-03	1.93341456e-03	-1.39716549e-04	-2.65229182e-03	-2.40920228e-03	1.88944669e-03	-3.14311217e-03	-4.45438297e-03	-1.41907298e-03	2.35127094e-03	1.18083233e-03	-1.66141495e-03	-1.75966098e-03	1.77419183e-03	-1.79287112e-03	-6.51804633e-04	1.73450043e-03	1.79197787e-03	-7.26345831e-05	-5.57468370e-04	3.43340128e-04	-9.05833817e-04	6.84909593e-04	6.97953269e-04	3.94958513e-04	1.12266600e-04	-7.42700365e-04	2.74394867e-04	4.64854112e-04	-2.81806270e-04	-8.62546443e-04	-7.42647820e-04	-9.05724704e-04	-8.30672130e-04	-1.00251212e-03	-3.48431394e-04	-7.52855076e-04	-7.11756612e-04	-5.47576270e-04	-2.88314810e-04	-3.43408759e-05	
2	1.97280350e-01	9.59088802e-02	5.58677527e-02	2.97002819e-02	1.75747112e-02	1.19675312e-02	1.03078563e-02	8.71263578e-03	6.98390561e-03	5.25294049e-02	3.08991026e-02	1.74802385e-02	1.25073744e-02	7.23236829e-03	4.72928659e-03	3.63187687e-03	2.67650137e-03	1.27364598e-02	9.55848553e-03	8.16576934e-03	5.43289896e-03	3.11426548e-03	2.34014213e-03	2.13868360e-03	4.21050666e-03	4.53048977e-03	3.32504781e-03	2.01319071e-03	1.17204975e-03	2.32964482e-04	1.35038804e-03	1.36109114e-03	6.16199399e-04	5.93452732e-05	-4.37382563e-04	5.08373230e-04	-6.03736608e-05	-1.70820170e-04	-5.22380503e-04	1.70793827e-05	-2.68343767e-04	-2.61002700e-04	-2.27815829e-04	2.30046099e-06	2.14998827e-04	
3	-1.34880531e-01	-5.31872265e-02	-2.46322924e-02	-1.42775449e-02	-6.44631628e-03	-1.54074092e-03	-2.09560695e-03	-2.57294122e-03	-1.19030996e-03	-4.34842309e-02	-2.49198806e-02	-1.16309023e-02	-5.32256279e-03	-1.73331902e-03	-2.44934477e-03	-1.70122588e-03	-9.80533324e-04	-1.60684305e-02	-7.06628525e-03	-3.16204699e-03	-1.75345640e-03	-1.85070955e-03	-9.09383901e-04	-2.43304930e-04	-2.82686673e-03	-2.72523970e-03	-1.21877179e-03	-9.39844744e-04	-6.86661496e-04	-3.89660950e-04	-9.17790893e-04	-5.56192735e-04	-5.02678668e-04	-6.73707068e-04	1.39478978e-04	-1.66563095e-04	-1.54178395e-04	-7.56935629e-04	-7.40006859e-04	1.32608835e-04	-4.44455500e-04	-1.61237618e-04	2.08535645e-04	-2.45071230e-04	-1.21517761e-04	
4	1.08635652e-01	3.46811834e-02	1.42309946e-02	6.97464104e-03	4.99648140e-03	2.07397003e-03	1.43774105e-04	3.68423284e-04	3.63269310e-04	3.60276148e-02	1.61553290e-02	8.02024252e-03	3.49208367e-03	1.44961834e-03	7.89011948e-04	1.61680510e-03	6.92037236e-04	1.58617343e-02	8.74006948e-03	3.76323017e-03	1.20957828e-03	7.09531938e-04	1.39916645e-03	1.55026564e-03	5.11999460e-03	3.89908149e-03	1.34183396e-03	3.41235906e-04	1.01615853e-03	1.42038422e-03	1.61947623e-03	3.77863288e-04	1.85745949e-04	5.21847098e-04	1.33424163e-03	1.33144392e-04	1.91265890e-04	6.82794315e-04	6.35914409e-04	1.11588515e-03	1.46995631e-03	1.01730277e-03	7.06794202e-04	7.15068046e-04	2.95176901e-04	
5	-8.86987088e-02	-2.37529437e-02	-5.48936707e-03	-2.07374222e-03	-1.00764278e-03	-6.07988040e-04	-6.89564228e-04	-9.62410358e-04	-2.10069867e-04	-3.26780264e-02	-9.77523185e-03	-3.42787631e-03	-1.80164895e-03	-2.04028508e-03	-2.06927762e-04	-4.21968033e-05	-4.66930160e-04	-1.33039381e-02	-6.58820685e-03	-2.90195022e-03	-5.58013054e-04	3.82175461e-04	-4.45913934e-04	-7.65202201e-04	-5.93169551e-03	-2.88626795e-03	-1.52261046e-03	-1.01306165e-03	-1.02011326e-03	-5.55235715e-04	-2.53752212e-03	-1.57249497e-03	-1.53276666e-03	-9.68346422e-04	-9.07098819e-04	-1.97090706e-03	-1.21167476e-03	-1.09589501e-03	-9.08994104e-04	-7.82005406e-04	-9.18712933e-04	-6.51136423e-04	-1.86431603e-04	-6.79427182e-04	-6.77942651e-05	
