## Order: 5
## Bins: 10
## Minimum Radius = 2.00e+01
## Maximum Radius = 1.60e+02
## Format: Row 1 = radial bin 1, Row 2 = radial bin 2, Rows 3+ = zeta_ell^ab
## Column 1 specifies the angular multipole
 	 0	 0	 0	 0	 0	 0	 0	 0	 0	 1	 1	 1	 1	 1	 1	 1	 1	 2	 2	 2	 2	 2	 2	 2	 3	 3	 3	 3	 3	 3	 4	 4	 4	 4	 4	 5	 5	 5	 5	 6	 6	 6	 7	 7	 8	 
	 1	 2	 3	 4	 5	 6	 7	 8	 9	 2	 3	 4	 5	 6	 7	 8	 9	 3	 4	 5	 6	 7	 8	 9	 4	 5	 6	 7	 8	 9	 5	 6	 7	 8	 9	 6	 7	 8	 9	 7	 8	 9	 8	 9	 9	
0	1.31489036e-01	5.17160215e-02	2.66306637e-02	1.92328108e-02	1.36958973e-02	7.32460836e-03	2.87431422e-03	-2.13900185e-04	-1.98556923e-03	1.89084319e-02	1.09101562e-02	7.99457327e-03	5.96823093e-03	2.14862273e-03	1.72373109e-04	2.48825550e-04	-1.22352141e-03	7.82310486e-04	2.86047295e-03	2.61663775e-03	2.63111653e-04	-2.61841066e-04	-7.79602815e-05	-6.69866440e-04	2.16724401e-04	1.32315716e-03	1.28373659e-03	2.27018465e-05	2.23404215e-04	-3.62447946e-04	7.00764998e-04	3.89572864e-04	1.51593675e-05	4.00168443e-04	-5.43981926e-05	-1.89593367e-05	-4.95523035e-04	1.63268072e-05	2.64017735e-04	-7.56803858e-04	-4.17928807e-04	-1.78714722e-04	-6.55551629e-04	-2.65946090e-04	-7.23264087e-04	
1	-5.28061742e-02	-1.51266576e-02	-3.97466106e-03	-4.04626061e-03	-6.68288245e-03	-5.58561565e-04	4.49304073e-04	-2.25741201e-03	-1.22314048e-03	-4.56812889e-03	-4.20696775e-03	-3.18269337e-03	-3.55670709e-03	9.71806167e-06	4.77648550e-04	-1.84332266e-03	-1.23033232e-03	7.57178729e-04	-2.26140150e-03	-1.09572054e-03	1.02231034e-03	1.24518145e-03	-4.71686311e-04	-1.33332911e-03	-1.30350195e-05	-3.66562379e-04	1.88522447e-03	1.25574156e-03	-9.47051872e-04	-1.25310904e-03	-8.38253851e-05	1.40937518e-03	5.49410052e-04	-1.09250728e-03	-8.24137441e-04	6.09049092e-04	2.92734105e-04	-9.47164520e-04	-7.28334023e-04	2.61247402e-04	-1.03234834e-03	-6.32216773e-04	-4.84074123e-04	-2.68570795e-04	5.56118059e-05	
2	1.84866792e-01	9.01082691e-02	5.01078158e-02	2.70499123e-02	1.63477862e-02	1.16411842e-02	1.08714796e-02	8.15238069e-03	6.41498676e-03	4.79091416e-02	2.43819624e-02	1.15087297e-02	8.58393090e-03	6.72341086e-03	5.29506331e-03	2.90551459e-03	2.47147976e-03	1.30035045e-02	8.66319840e-03	5.92951276e-03	5.44717408e-03	4.03752495e-03	2.71145864e-03	1.82269807e-03	4.82978756e-03	3.55697225e-03	2.34027697e-03	1.97486479e-03	1.52704128e-03	1.29880498e-03	2.47714066e-03	9.26037550e-04	8.88526718e-04	1.15135189e-03	1.00841483e-03	3.86279399e-04	2.07060734e-04	3.03715502e-04	8.56010193e-04	-4.22172084e-04	6.92480756e-04	9.65349425e-04	-2.86072076e-06	4.67355721e-04	-8.21377860e-05	
3	-1.27631997e-01	-4.80892503e-02	-2.25772754e-02	-1.34523653e-02	-5.76809479e-03	-2.23016220e-03	-1.43678766e-03	-1.99360032e-03	-2.64141385e-03	-3.88931939e-02	-1.84145726e-02	-7.71480158e-03	-3.15954182e-03	-2.30981544e-03	-1.94444410e-03	-1.61459851e-03	-9.82562388e-04	-1.26060792e-02	-6.61487487e-03	-3.31550316e-03	-3.25291575e-03	-2.02700124e-03	-7.97507469e-04	-6.44436571e-04	-4.78943872e-03	-3.75360488e-03	-2.46200791e-03	-1.22615290e-03	-3.11670813e-04	1.28494470e-04	-4.40634893e-03	-2.30017897e-03	-1.12226308e-03	-2.82929215e-04	-2.02266584e-04	-1.88697495e-03	-1.09458971e-03	-9.27290484e-04	-6.73743218e-04	-1.85129957e-04	-3.67192016e-04	-4.36368755e-04	-1.47527146e-04	-3.93731846e-04	-8.08757689e-05	
4	1.04813966e-01	2.91233704e-02	1.05282887e-02	5.49571737e-03	3.47320439e-03	1.04207772e-03	-1.22656495e-05	2.76242772e-04	7.64744469e-04	3.38971087e-02	1.39774054e-02	5.77649075e-03	2.94841661e-03	9.51582742e-04	4.11185278e-04	5.26944583e-04	1.09260198e-03	1.32446459e-02	8.04496606e-03	3.20943599e-03	1.50867177e-03	8.65135321e-04	6.76047245e-04	3.53398390e-04	4.35466442e-03	2.58729411e-03	1.45944418e-03	9.25856595e-04	4.23767626e-04	1.31671220e-04	1.55417189e-03	1.79921754e-03	1.42858449e-03	4.14208286e-04	-1.23462208e-04	1.70738737e-03	1.06475629e-03	2.49402801e-04	2.28072067e-04	1.09124363e-03	7.42373062e-04	3.39016932e-04	1.21575459e-04	1.27718558e-04	8.60738322e-05	
5	-8.34704812e-02	-1.59363987e-02	-6.19909528e-03	-2.54442768e-03	-3.61891158e-04	-1.08112399e-03	1.37846046e-03	-3.71331579e-04	-3.12044382e-04	-3.01965560e-02	-8.65328198e-03	-3.06540098e-03	-2.95515228e-03	-1.21083570e-03	5.79416937e-04	8.90983855e-05	4.24377004e-04	-1.24395221e-02	-6.56759260e-03	-3.18030959e-03	-1.30703781e-04	1.11968056e-03	7.45975307e-04	3.10909581e-04	-5.90053053e-03	-3.56432986e-03	-1.16198862e-03	-2.37392262e-04	9.46904013e-05	3.68897831e-04	-2.39862717e-03	-1.24065279e-03	-4.91322067e-04	-2.92270687e-04	3.80618312e-04	-7.46127147e-04	-7.81305030e-04	-7.09938929e-04	-1.69191885e-04	-8.22517373e-04	-5.98641160e-04	-3.66361826e-04	-2.90627052e-04	-2.72486451e-04	3.08912246e-06	
