## Order: 5
## Bins: 10
## Minimum Radius = 2.00e+01
## Maximum Radius = 1.60e+02
## Format: Row 1 = radial bin 1, Row 2 = radial bin 2, Rows 3+ = zeta_ell^ab
## Column 1 specifies the angular multipole
 	 0	 0	 0	 0	 0	 0	 0	 0	 0	 1	 1	 1	 1	 1	 1	 1	 1	 2	 2	 2	 2	 2	 2	 2	 3	 3	 3	 3	 3	 3	 4	 4	 4	 4	 4	 5	 5	 5	 5	 6	 6	 6	 7	 7	 8	 
	 1	 2	 3	 4	 5	 6	 7	 8	 9	 2	 3	 4	 5	 6	 7	 8	 9	 3	 4	 5	 6	 7	 8	 9	 4	 5	 6	 7	 8	 9	 5	 6	 7	 8	 9	 6	 7	 8	 9	 7	 8	 9	 8	 9	 9	
0	1.19081467e-01	5.06469906e-02	2.50110574e-02	2.11163651e-02	1.77987443e-02	1.21363449e-02	8.10928710e-03	5.63528476e-03	2.66897359e-03	1.40062960e-02	7.19765970e-03	5.73849980e-03	5.88796537e-03	3.68205612e-03	3.35342180e-03	3.36336205e-03	2.87297108e-03	-2.31442688e-03	7.33619230e-04	3.05253828e-03	1.58262903e-03	1.44835885e-03	1.14592519e-03	1.30882039e-03	-2.34736066e-03	3.41987359e-04	-9.51811535e-04	-1.52643091e-04	-3.65008797e-05	6.93348591e-04	-2.12055340e-04	-7.85753057e-04	6.65340353e-04	6.77666046e-04	3.02458208e-04	-1.34512118e-04	5.75006387e-04	6.36979189e-04	8.28265723e-04	8.92682147e-05	-1.55144857e-04	3.12938958e-04	-2.92781176e-05	4.08802189e-04	2.12074566e-04	
1	-4.51694697e-02	-1.50718698e-02	-4.94315986e-03	-2.45724518e-03	-4.18363899e-03	8.46082339e-04	1.48667364e-04	-1.74198780e-03	-2.00611720e-03	9.86607226e-04	-3.82065505e-03	-3.78107502e-03	-2.04650344e-03	2.89864697e-03	1.48070394e-03	-4.94048979e-05	-2.26416961e-03	2.31004472e-03	-1.64522300e-03	-3.32880086e-04	2.20060483e-03	8.66976163e-04	3.25175280e-04	-7.92000979e-04	5.75214762e-04	2.23736455e-04	3.34571256e-03	1.75380541e-03	1.30788468e-03	2.02019195e-04	-1.21459213e-04	2.00828668e-03	1.51513448e-03	7.24896675e-04	-4.49449147e-04	1.05467857e-03	8.61832941e-04	-4.26135845e-05	-3.41925013e-04	8.14149189e-04	7.48007009e-05	-1.72951755e-04	4.77652516e-06	-1.43612459e-04	-3.08143555e-04	
2	1.86182374e-01	8.94450890e-02	4.99497181e-02	2.61421264e-02	1.62785912e-02	1.29393914e-02	1.17241864e-02	9.79219438e-03	7.07881573e-03	4.81681631e-02	2.61314343e-02	1.51302449e-02	1.03691561e-02	7.07094855e-03	5.75207985e-03	4.05075294e-03	4.15208150e-03	1.33555665e-02	9.82431402e-03	7.50024520e-03	4.32253061e-03	3.06698893e-03	2.19139498e-03	2.65402529e-03	5.32186055e-03	4.57044429e-03	2.89190381e-03	2.35103021e-03	1.75397167e-03	1.51517616e-03	2.79545430e-03	1.38109521e-03	1.36921441e-03	8.30777134e-04	8.99947960e-06	1.48251705e-03	1.08050332e-03	8.67614627e-04	7.06617251e-04	6.35279801e-04	6.58271720e-04	8.78719388e-04	-1.24911518e-05	3.28755843e-04	-6.26045169e-05	
3	-1.32257858e-01	-4.90584099e-02	-2.38884551e-02	-1.32213679e-02	-4.77494676e-03	-1.23864154e-03	-1.53667584e-03	-2.61845893e-03	-1.70515422e-03	-3.90188416e-02	-2.19143631e-02	-1.04018242e-02	-6.00548773e-03	-8.06642807e-04	-1.28301991e-03	-1.35063760e-03	-1.31831510e-03	-1.47536108e-02	-8.32969442e-03	-5.21062030e-03	-1.33039733e-03	-1.31425075e-03	-1.04009428e-03	-1.10107480e-03	-4.62157559e-03	-3.94927047e-03	-1.83445684e-03	-1.20958825e-03	-2.66771166e-04	-4.17934582e-05	-3.34844669e-03	-1.73831445e-03	-7.84957001e-04	2.78833600e-05	1.21876636e-04	-1.70107016e-03	-1.46002902e-03	-7.66216199e-04	-1.35580815e-04	-1.37210305e-03	-1.08846468e-03	-9.00153704e-04	-8.42649770e-04	-7.31199453e-04	-2.07914093e-04	
4	1.05821204e-01	2.86501098e-02	1.04651347e-02	5.64203582e-03	3.10126824e-03	1.48715614e-03	5.17020180e-04	1.08557065e-03	5.58436440e-04	3.24975199e-02	1.19808089e-02	6.26936528e-03	3.25512244e-03	7.92279006e-04	-3.03564723e-04	6.61193112e-04	9.13663567e-04	1.30599128e-02	6.83689749e-03	3.71853256e-03	1.07987875e-03	-2.49976705e-04	3.49326285e-04	1.07930718e-03	4.78098477e-03	3.15089494e-03	1.51190894e-03	8.35494849e-04	5.74018621e-04	5.07680765e-04	3.24899751e-03	2.48614829e-03	1.34941845e-03	4.32150704e-04	2.78823947e-04	2.10378899e-03	1.02655485e-03	2.61591011e-04	4.86084813e-04	8.63733470e-04	5.18379074e-04	8.65136864e-04	3.31074476e-04	7.89310333e-04	3.91892375e-04	
5	-8.58747518e-02	-1.64969804e-02	-4.81237940e-03	-2.28321266e-03	-1.30518478e-04	-4.70094266e-04	1.65034807e-04	5.34027892e-04	-7.69523470e-04	-2.78108618e-02	-7.91124429e-03	-2.86421783e-03	-1.54605218e-03	-1.89963322e-04	1.23908664e-04	1.45075719e-04	-6.16379909e-04	-1.14425445e-02	-5.67372265e-03	-3.15770344e-03	-2.51354328e-03	-1.11612799e-03	-2.88433296e-04	-1.18124627e-04	-6.47034994e-03	-3.29769097e-03	-2.00230484e-03	-1.41079526e-04	2.80396159e-04	1.72034792e-04	-3.19020659e-03	-1.89587341e-03	-1.20229295e-03	-6.69246694e-04	-1.55034452e-04	-2.07594749e-03	-1.29653047e-03	-8.91054631e-04	-6.68903718e-04	-1.26356096e-03	-8.86822121e-04	-9.99687601e-04	-7.22219884e-04	-3.40618188e-04	-3.20900988e-04	
