## Order: 5
## Bins: 10
## Minimum Radius = 2.00e+01
## Maximum Radius = 1.60e+02
## Format: Row 1 = radial bin 1, Row 2 = radial bin 2, Rows 3+ = zeta_ell^ab
## Column 1 specifies the angular multipole
 	 0	 0	 0	 0	 0	 0	 0	 0	 0	 1	 1	 1	 1	 1	 1	 1	 1	 2	 2	 2	 2	 2	 2	 2	 3	 3	 3	 3	 3	 3	 4	 4	 4	 4	 4	 5	 5	 5	 5	 6	 6	 6	 7	 7	 8	 
	 1	 2	 3	 4	 5	 6	 7	 8	 9	 2	 3	 4	 5	 6	 7	 8	 9	 3	 4	 5	 6	 7	 8	 9	 4	 5	 6	 7	 8	 9	 5	 6	 7	 8	 9	 6	 7	 8	 9	 7	 8	 9	 8	 9	 9	
0	1.32072095e-01	6.13959756e-02	2.71734029e-02	9.23954617e-03	5.95672706e-03	2.72499703e-03	8.27906752e-05	-8.94100848e-04	-1.73238777e-03	1.85251866e-02	9.56492666e-03	-3.33130256e-05	1.46656043e-03	1.86442382e-04	-1.20062748e-04	1.27958074e-04	3.71982941e-04	-5.60601208e-04	-2.60403711e-03	-1.43090939e-03	-1.50475098e-03	-9.37298006e-04	-2.62987728e-04	-1.76502559e-04	-3.48542096e-03	-1.98911894e-03	-1.27735695e-03	-1.17922064e-03	-4.24605884e-04	-4.86779515e-04	-2.05778410e-03	-9.96837293e-04	-9.70596665e-04	-7.61094993e-04	-2.08267939e-04	-4.40026709e-04	-6.71785416e-04	-7.36618054e-04	-2.59406528e-04	-8.65743877e-04	-3.26327002e-04	5.46541692e-05	-8.64319705e-04	-2.37596396e-04	-6.00448658e-04	
1	-4.42014453e-02	-2.05310425e-02	-8.36799466e-03	-5.69152257e-03	-3.41445230e-03	1.10670786e-03	3.69749490e-04	-2.33353994e-03	-5.55984490e-04	-5.14900672e-03	-3.27340326e-03	-5.15435935e-03	-2.85641914e-03	8.30675637e-04	9.45426600e-04	-9.03142788e-05	-1.46586736e-05	-1.43838562e-03	-2.64723897e-03	-1.50234443e-03	7.75536432e-04	1.26739524e-03	1.49358802e-03	1.23535827e-03	8.37647887e-04	-4.73647715e-04	1.55328811e-03	1.51598304e-03	9.83322578e-04	6.31257184e-04	1.97432956e-03	2.51394980e-03	2.22029418e-03	1.66121614e-03	6.90180981e-04	2.84590171e-03	2.03709349e-03	1.56575261e-03	8.41278328e-04	2.69185781e-03	1.25111636e-03	7.97993675e-04	2.07882883e-03	1.15311430e-03	1.34404753e-03	
2	1.86876763e-01	9.19566333e-02	5.27127626e-02	3.25735460e-02	1.93094882e-02	1.36650289e-02	1.01195277e-02	8.50633032e-03	5.30261455e-03	4.97119034e-02	2.81649320e-02	1.64419695e-02	1.10089758e-02	5.86523490e-03	3.76067077e-03	3.01126648e-03	3.19250890e-03	1.42929397e-02	9.73192275e-03	6.95846075e-03	3.34702256e-03	2.35641007e-03	2.36392421e-03	2.21164945e-03	4.11127333e-03	4.22496392e-03	2.46108446e-03	1.94902465e-03	1.71020540e-03	1.26189159e-03	1.56637078e-03	1.39521000e-03	1.25787012e-03	1.51050859e-03	6.94665817e-04	1.29268785e-03	1.71446437e-03	1.53335050e-03	8.56604413e-04	1.49295617e-03	1.53853980e-03	1.07588468e-03	8.81287330e-04	7.24019075e-04	4.00020516e-04	
3	-1.27726514e-01	-4.87159585e-02	-2.03111208e-02	-1.28147148e-02	-8.27028937e-03	-1.69881081e-03	-2.59488599e-03	-2.95162741e-03	-1.57064970e-03	-3.82121490e-02	-1.91693796e-02	-9.87697129e-03	-7.03564869e-03	-3.18000189e-03	-7.96366235e-04	-6.46639088e-04	-4.49152284e-04	-1.22817401e-02	-8.04457888e-03	-5.27278286e-03	-2.69180795e-03	-2.17523476e-04	-4.89453850e-05	3.77416867e-04	-4.07054251e-03	-4.29024249e-03	-2.80200564e-03	-1.31114343e-03	-7.73730374e-04	1.19312529e-04	-1.46619464e-03	-9.89056025e-04	-6.83626540e-04	8.80165889e-05	1.53022542e-04	-8.13813487e-04	-7.01430424e-04	-3.25853563e-07	1.43521871e-04	-7.62922574e-04	-6.27369970e-04	-1.32466762e-04	-3.61027362e-04	7.99386526e-06	4.72092720e-04	
4	1.04751385e-01	3.33479768e-02	1.27694730e-02	7.16410871e-03	5.35308931e-03	2.38385156e-03	9.03447026e-04	1.01167492e-03	9.26519556e-04	3.53441220e-02	1.47321530e-02	6.80309382e-03	3.36663032e-03	2.62848559e-03	2.91860415e-04	7.14956351e-04	1.05956571e-03	1.29923900e-02	7.33380995e-03	4.39074833e-03	2.02509374e-03	1.83395861e-03	3.30590871e-04	7.49303473e-04	3.98065964e-03	3.40703078e-03	2.20272022e-03	9.01257860e-04	-1.95747039e-05	4.19455375e-04	2.02014397e-03	1.53661388e-03	3.02385069e-04	4.00147752e-04	2.63199435e-04	8.71950592e-04	3.39185668e-04	4.14401311e-04	4.13914913e-04	4.14876065e-04	3.58609447e-04	3.83676417e-04	5.05113503e-04	7.96453977e-04	9.47931410e-04	
5	-8.10042074e-02	-2.03594022e-02	-7.53696618e-03	-2.49520097e-03	-2.32292056e-03	-7.77000592e-04	1.91046828e-04	-1.65108573e-04	-9.27044746e-05	-3.13729226e-02	-1.03636910e-02	-3.12355113e-03	-1.72548285e-03	-1.94013144e-03	-1.16750530e-04	6.23041693e-04	2.56961656e-04	-1.12587172e-02	-5.86150863e-03	-3.09177559e-03	-1.83940515e-03	-4.83087243e-04	2.40510964e-04	-6.45555459e-05	-4.96152853e-03	-3.77479048e-03	-1.30600681e-03	-3.61117172e-04	-1.57411443e-04	1.70075910e-04	-2.91982656e-03	-9.91092111e-04	-4.53788860e-04	8.01694113e-05	3.93904271e-05	-1.47389588e-03	-9.41184077e-04	-6.87117198e-04	-2.15223639e-04	-1.02975101e-03	-9.04950516e-04	-2.56402058e-04	-5.45527076e-04	-5.91022200e-04	1.81582131e-05	
