## Order: 5
## Bins: 10
## Minimum Radius = 2.00e+01
## Maximum Radius = 1.60e+02
## Format: Row 1 = radial bin 1, Row 2 = radial bin 2, Rows 3+ = zeta_ell^ab
## Column 1 specifies the angular multipole
 	 0	 0	 0	 0	 0	 0	 0	 0	 0	 1	 1	 1	 1	 1	 1	 1	 1	 2	 2	 2	 2	 2	 2	 2	 3	 3	 3	 3	 3	 3	 4	 4	 4	 4	 4	 5	 5	 5	 5	 6	 6	 6	 7	 7	 8	 
	 1	 2	 3	 4	 5	 6	 7	 8	 9	 2	 3	 4	 5	 6	 7	 8	 9	 3	 4	 5	 6	 7	 8	 9	 4	 5	 6	 7	 8	 9	 5	 6	 7	 8	 9	 6	 7	 8	 9	 7	 8	 9	 8	 9	 9	
0	1.25448602e-01	5.20053151e-02	2.53665037e-02	1.39035675e-02	6.20502838e-03	-1.80440422e-03	-6.06152006e-03	-6.92875938e-03	-6.83737634e-03	1.34612017e-02	7.90893424e-03	1.86493212e-03	7.64320498e-04	-8.74272126e-04	-2.08219444e-03	-2.01946915e-03	-2.17957270e-03	-8.53273979e-04	-7.11432413e-04	3.14706217e-04	1.36749553e-04	-4.92466777e-05	-5.23489572e-04	-5.31580855e-04	-1.81213080e-03	-2.45503241e-04	9.22151536e-05	6.35666602e-04	4.06910109e-04	2.94264403e-04	-1.62455452e-03	-1.11167249e-03	-9.14239455e-04	-5.22047086e-05	-1.33176168e-04	-8.25937190e-04	-9.48249383e-04	-7.76533969e-04	-1.74628201e-04	-1.13239068e-03	-8.12109271e-04	-2.50148083e-06	-9.35714519e-04	-3.62910846e-04	-2.16944806e-04	
1	-3.94854282e-02	-2.01987191e-02	-8.47869316e-03	-5.71270729e-03	-5.39953500e-03	-1.31405895e-03	5.98449432e-04	-3.30909005e-04	5.61802426e-04	-2.83340087e-04	-5.09298579e-03	-3.62871686e-03	-3.09590883e-03	7.30566745e-04	2.74252458e-04	1.04150441e-03	3.05037624e-04	2.19659673e-03	-1.47902897e-03	-2.50757746e-03	1.53716440e-05	4.96369938e-04	1.29537276e-03	-3.17925241e-04	2.01697543e-03	-4.15342914e-05	1.24787727e-03	8.22185755e-04	5.19404613e-05	-1.75134594e-04	6.07964341e-04	1.78815050e-03	6.93961185e-04	-3.57288972e-04	2.07210038e-04	1.42402358e-03	6.12784352e-04	-4.76472297e-04	8.58016538e-05	1.60852803e-03	3.54864250e-04	2.89081306e-04	5.12256536e-04	3.84961125e-04	7.78370277e-04	
2	1.83423377e-01	9.04649961e-02	4.94776618e-02	2.54642631e-02	1.74115706e-02	1.23095070e-02	1.16264452e-02	9.42368311e-03	6.53073979e-03	4.82223377e-02	2.82146504e-02	1.70319928e-02	1.11104755e-02	6.18389627e-03	5.48073859e-03	4.83742811e-03	3.76142509e-03	1.18032185e-02	9.14093844e-03	6.37134258e-03	3.76755265e-03	2.14122144e-03	1.90832905e-03	1.99306925e-03	3.30666099e-03	3.89842715e-03	2.98407647e-03	1.80925158e-03	1.14941539e-03	1.52032282e-03	1.31320541e-03	1.28220828e-03	1.19905752e-03	2.33334517e-04	4.43227317e-04	-1.56779753e-04	1.62341818e-04	1.27017582e-04	6.74655468e-04	-2.89490986e-05	4.06057830e-04	4.55647775e-04	-7.15127104e-04	-1.44108054e-04	-5.14638039e-04	
3	-1.25076247e-01	-4.74297980e-02	-2.34981693e-02	-1.30729958e-02	-4.82455957e-03	-1.31461791e-03	-2.63036480e-03	-1.81749240e-03	-1.50399492e-03	-3.92979423e-02	-2.06765756e-02	-9.65995941e-03	-5.15114662e-03	-1.66076754e-03	-1.22563451e-03	-1.52198732e-03	-1.31728473e-03	-1.20725932e-02	-7.88055648e-03	-4.66724130e-03	-2.68525971e-03	-1.17959328e-03	-5.64680899e-04	2.98324493e-04	-4.53045680e-03	-4.11271739e-03	-2.92588619e-03	-1.73100918e-03	-7.34643607e-04	5.63507857e-04	-2.61665619e-03	-1.35608825e-03	-1.51166706e-03	-2.75538930e-04	4.94724345e-04	-5.88262129e-04	-6.66646308e-04	-2.37892504e-04	-1.04409603e-04	2.74956462e-04	-3.76697454e-05	-6.58968279e-04	4.89142908e-04	-5.03521266e-04	2.48682222e-04	
4	1.06950124e-01	3.15107067e-02	1.39642918e-02	6.25889263e-03	2.68374780e-03	1.38626100e-03	5.24892793e-04	1.07667537e-03	6.79182800e-04	3.28158092e-02	1.42712966e-02	7.34951787e-03	4.17245749e-03	2.23084997e-03	1.69023942e-03	9.65103590e-04	2.15471573e-04	1.12540407e-02	7.11759285e-03	3.87472503e-03	1.98754182e-03	7.98652894e-04	3.48076536e-04	4.17616341e-05	4.73563489e-03	2.56661355e-03	1.03186076e-03	8.14877386e-04	2.17773829e-04	2.15427798e-04	1.84587307e-03	8.79818489e-04	8.09903287e-04	7.71902229e-04	1.01675521e-03	4.27721604e-04	7.30431046e-04	8.46083459e-04	7.14695601e-04	5.58045560e-04	9.62246773e-04	6.80088208e-04	2.05022104e-05	5.57592505e-04	-9.29254417e-05	
5	-8.35079038e-02	-1.97460141e-02	-8.90674374e-03	-3.46213498e-03	-1.04134599e-03	-1.43007853e-03	-7.77821706e-04	4.17748406e-04	-1.72263056e-04	-2.72124448e-02	-1.09337111e-02	-2.85082391e-03	-1.49230838e-03	-1.86535811e-03	-8.50324410e-04	-3.91774222e-04	-3.39152116e-04	-1.07571412e-02	-5.28526664e-03	-2.13095855e-03	-1.44579151e-03	-2.38040349e-04	-2.09512731e-05	-8.27251946e-05	-3.96179035e-03	-2.12793499e-03	-8.03931543e-04	5.05908724e-05	-1.92851733e-04	8.66059405e-05	-1.89876319e-03	-9.71154686e-04	-1.15409902e-03	-1.96012815e-04	2.43951145e-04	-7.36276058e-04	-3.09333902e-04	8.71959787e-05	2.11472691e-04	3.14568460e-04	-3.86201857e-05	-5.58206680e-05	6.01048048e-04	-1.08639177e-04	6.12823694e-04	
