## Order: 5
## Bins: 10
## Minimum Radius = 2.00e+01
## Maximum Radius = 1.60e+02
## Format: Row 1 = radial bin 1, Row 2 = radial bin 2, Rows 3+ = zeta_ell^ab
## Column 1 specifies the angular multipole
 	 0	 0	 0	 0	 0	 0	 0	 0	 0	 1	 1	 1	 1	 1	 1	 1	 1	 2	 2	 2	 2	 2	 2	 2	 3	 3	 3	 3	 3	 3	 4	 4	 4	 4	 4	 5	 5	 5	 5	 6	 6	 6	 7	 7	 8	 
	 1	 2	 3	 4	 5	 6	 7	 8	 9	 2	 3	 4	 5	 6	 7	 8	 9	 3	 4	 5	 6	 7	 8	 9	 4	 5	 6	 7	 8	 9	 5	 6	 7	 8	 9	 6	 7	 8	 9	 7	 8	 9	 8	 9	 9	
0	1.23736370e-01	5.18591578e-02	2.70476548e-02	1.53884088e-02	1.02794249e-02	4.05856128e-03	-2.66895874e-03	-4.95374413e-03	-5.35605077e-03	1.90616977e-02	1.25805364e-02	7.92836210e-03	3.96443182e-03	8.91793988e-04	-1.77566164e-03	-2.35801481e-03	-1.86118445e-03	2.95207196e-03	2.44366072e-03	1.57662410e-03	-4.19282451e-04	-1.78799083e-03	-1.28340070e-03	-1.33970073e-03	1.31565582e-04	6.68140182e-04	-5.95481040e-04	-6.05265809e-04	4.25476597e-04	-1.18476957e-04	-7.92923898e-04	-8.02378930e-04	-3.60761909e-04	4.30675446e-04	5.57196247e-04	3.79490770e-04	5.05825827e-04	1.27998282e-03	1.14879530e-03	4.15944164e-04	7.99057881e-04	8.55711232e-04	-4.96288273e-06	2.40122140e-04	4.09448930e-04	
1	-4.35440463e-02	-1.33936663e-02	-6.78843005e-03	-3.75547607e-03	-4.56474968e-03	-1.14425529e-03	-1.38576841e-03	-2.48582687e-03	-5.79976815e-04	-1.70461229e-03	-4.89905164e-03	-5.70596582e-03	-3.52754322e-03	1.60639200e-04	-4.36373422e-04	-1.07180361e-03	-6.67703935e-04	-1.00913445e-03	-2.75543446e-03	-2.11754018e-03	5.83482618e-04	7.05689985e-04	-2.44660087e-05	-7.45973051e-04	1.03160213e-03	-1.22750215e-03	5.43480764e-04	1.49814483e-03	5.62478010e-04	2.64503150e-04	-9.25485284e-05	6.98956010e-04	6.29525649e-04	7.83340244e-05	1.75687930e-04	6.22940974e-04	4.89085815e-04	-1.55620928e-04	-4.48791034e-04	2.55068043e-04	-4.82240931e-05	5.48208693e-06	5.54394682e-04	1.72753595e-04	6.56106902e-04	
2	1.77530557e-01	8.49280933e-02	4.86738751e-02	3.02839426e-02	1.69907564e-02	1.41120325e-02	1.14317220e-02	8.03596631e-03	4.29733013e-03	4.38535910e-02	2.43745854e-02	1.59339474e-02	1.05809723e-02	6.63360134e-03	5.42053531e-03	4.37141249e-03	2.61182626e-03	1.01206032e-02	1.07989839e-02	7.53801913e-03	4.10443774e-03	2.91028429e-03	3.02007816e-03	1.89811898e-03	5.54972021e-03	4.81692533e-03	2.80697894e-03	2.36108583e-03	2.63555995e-03	1.66659481e-03	1.57048384e-03	1.36423375e-03	1.21170978e-03	1.43075232e-03	6.52075292e-04	3.26793458e-04	2.68257879e-06	8.67156792e-05	3.16706528e-05	-6.31816624e-04	6.30956758e-05	3.96142087e-04	-1.21415342e-04	4.31870495e-04	2.89432249e-04	
3	-1.17205994e-01	-4.42995993e-02	-2.18417900e-02	-1.25976303e-02	-6.87588709e-03	-2.58903464e-03	-3.38628040e-03	-3.20133191e-03	-1.94362173e-03	-3.77308194e-02	-1.99045389e-02	-9.04703584e-03	-3.60706778e-03	-2.03185298e-03	-2.11061441e-03	-2.03959825e-03	-1.20518028e-03	-1.28328763e-02	-7.79342882e-03	-4.10516618e-03	-1.90605433e-03	-2.35261607e-03	-1.73119716e-03	-9.36926652e-04	-3.53830901e-03	-4.14943743e-03	-1.81153152e-03	-1.13818793e-03	-1.04751909e-03	-4.97704511e-04	-2.73517501e-03	-1.38042415e-03	-8.77089018e-04	-5.73424584e-04	-3.25990961e-05	-2.61021665e-04	-7.78166746e-05	-5.97910390e-04	1.25822759e-04	8.88114213e-04	3.15089282e-04	2.62177237e-04	1.24782835e-03	6.00595354e-04	1.18560460e-03	
4	9.94683778e-02	2.90358578e-02	1.30402003e-02	5.25054113e-03	3.29631727e-03	-1.46881148e-04	-1.44032439e-03	-8.78482137e-04	3.77081424e-05	3.19094952e-02	1.39346817e-02	6.64803676e-03	2.94196398e-03	1.93176841e-03	5.73844281e-04	6.28904745e-04	9.16220394e-04	1.06153089e-02	6.04684364e-03	1.74993746e-03	8.31258154e-04	1.41848665e-04	1.09302571e-04	3.14970639e-04	3.89931240e-03	2.34808819e-03	1.61670837e-03	2.35184362e-04	7.36706090e-04	3.54647866e-04	2.36650425e-03	1.71635747e-03	8.72095881e-04	1.16375002e-03	7.83081567e-04	9.67587329e-04	8.85339328e-05	4.89582827e-04	5.25886558e-04	-4.15924064e-04	4.62468148e-04	3.71213387e-04	-8.32262578e-04	-3.57507437e-04	-1.00499187e-03	
5	-7.94463801e-02	-1.64801855e-02	-7.36279239e-03	-1.77422092e-03	-5.79421290e-04	-1.38658285e-03	1.08092593e-04	1.15823737e-04	4.88673849e-04	-2.81089449e-02	-1.02353976e-02	-4.31129473e-03	-2.53978802e-03	-1.65338723e-03	-2.97033452e-04	2.87562757e-04	-3.47946485e-04	-9.57126806e-03	-5.14720239e-03	-2.04935051e-03	-1.12867513e-03	-2.15272287e-05	2.15426681e-04	3.09429172e-04	-4.35159889e-03	-2.55721032e-03	-1.02193855e-03	-2.89080993e-04	-2.00662431e-04	-5.32944189e-04	-2.25764821e-03	-1.93341334e-03	-1.15673088e-03	-5.69346668e-04	-4.68230002e-04	-1.41716185e-03	-1.46000652e-03	-6.45453566e-04	-4.54648537e-04	-1.05648919e-03	-5.37969911e-04	-4.66837272e-04	-2.53947538e-04	-6.04963087e-04	2.97375068e-04	
