## Order: 5
## Bins: 10
## Minimum Radius = 2.00e+01
## Maximum Radius = 1.60e+02
## Format: Row 1 = radial bin 1, Row 2 = radial bin 2, Rows 3+ = zeta_ell^ab
## Column 1 specifies the angular multipole
 	 0	 0	 0	 0	 0	 0	 0	 0	 0	 1	 1	 1	 1	 1	 1	 1	 1	 2	 2	 2	 2	 2	 2	 2	 3	 3	 3	 3	 3	 3	 4	 4	 4	 4	 4	 5	 5	 5	 5	 6	 6	 6	 7	 7	 8	 
	 1	 2	 3	 4	 5	 6	 7	 8	 9	 2	 3	 4	 5	 6	 7	 8	 9	 3	 4	 5	 6	 7	 8	 9	 4	 5	 6	 7	 8	 9	 5	 6	 7	 8	 9	 6	 7	 8	 9	 7	 8	 9	 8	 9	 9	
0	1.17833436e-01	4.61646393e-02	2.19205511e-02	1.57366417e-02	1.14951168e-02	4.88426714e-03	-8.53986179e-04	-1.26420961e-03	1.43134227e-03	1.09870608e-02	6.09553848e-03	4.81134846e-03	3.33053042e-03	-7.53082310e-04	-7.54724091e-04	9.23860114e-04	2.12910949e-03	-1.57443718e-03	1.40309115e-03	1.51228376e-03	-1.08925567e-03	-8.81405235e-04	7.22797873e-04	9.61232288e-04	-1.10918842e-03	3.82587231e-04	-1.55825976e-03	-6.36441730e-04	8.30278783e-04	7.81727710e-04	9.02263093e-04	-6.87801627e-04	-8.19549270e-05	1.05145601e-03	9.89276167e-04	-4.84868628e-04	-8.10578187e-05	1.08731745e-03	1.36707304e-03	-9.60200312e-05	6.62450939e-04	8.71789054e-04	3.53960121e-04	7.18442709e-04	6.36774638e-04	
1	-4.07349446e-02	-1.17128296e-02	-3.85115907e-03	-4.42553321e-03	-6.63525598e-03	-1.81355041e-03	1.44065592e-03	3.20314992e-04	1.17334923e-03	2.36277795e-03	-8.90944840e-05	-5.05905809e-03	-5.19359097e-03	9.43357643e-04	1.83549766e-03	8.73346657e-04	7.20502171e-04	1.69903049e-03	-2.01464474e-03	-1.61164248e-03	2.14866600e-03	1.37405670e-03	7.74234573e-04	1.01291932e-03	1.08098198e-03	-6.51782965e-04	2.02599803e-03	1.61019612e-03	9.54861570e-04	1.23235350e-03	-1.83495856e-03	7.41597409e-04	1.54426800e-03	4.16083877e-04	3.67658030e-04	-1.27692798e-04	4.15808620e-04	-3.55380972e-04	-3.83295626e-04	9.92868854e-04	1.42824621e-04	-4.39405110e-05	1.98437874e-04	-1.51067029e-04	1.28477257e-04	
2	1.88428016e-01	9.54569069e-02	5.39395325e-02	3.05690281e-02	1.53146727e-02	1.18401153e-02	1.12713243e-02	8.07664076e-03	7.30911789e-03	5.13414693e-02	2.48793294e-02	1.41899203e-02	1.01605640e-02	6.95777996e-03	4.83857477e-03	3.10698277e-03	2.32014625e-03	1.08125778e-02	9.87487853e-03	7.32269606e-03	4.39290500e-03	3.15262876e-03	3.03408795e-03	2.72929491e-03	4.72807831e-03	4.33783420e-03	2.39151709e-03	1.61613018e-03	2.04124543e-03	1.73583021e-03	1.73930256e-03	2.80809865e-04	3.49256988e-04	1.32670948e-03	1.10108670e-03	-5.20287201e-04	-7.29153392e-04	3.36292393e-05	3.49865126e-04	-1.87864707e-04	5.97177634e-04	4.45145482e-04	-4.08542746e-04	2.63207752e-04	2.00392122e-04	
3	-1.26843951e-01	-4.94812518e-02	-2.48466089e-02	-1.51324609e-02	-6.11778940e-03	-1.55051800e-03	-7.15079226e-04	-3.14127211e-03	-1.97958025e-03	-3.94674329e-02	-2.01514324e-02	-1.03922060e-02	-4.50977816e-03	-2.71670473e-03	-1.95244223e-03	-1.63558382e-03	-1.97404845e-03	-1.10519156e-02	-6.36382629e-03	-4.03684707e-03	-3.38636055e-03	-2.31455072e-03	-1.91960262e-03	-1.63935971e-03	-3.14195271e-03	-3.49301953e-03	-2.17183465e-03	-1.36104423e-03	-1.34317261e-03	-1.10695918e-03	-2.22600479e-03	-1.49872879e-03	-1.36219278e-03	-1.01706558e-03	-4.76057634e-04	-5.94212617e-04	-6.51148119e-04	-3.96338209e-04	-2.84250885e-04	-1.07631099e-04	-4.07107082e-04	-4.88461997e-04	2.19413022e-04	-3.31647483e-04	8.95871421e-04	
4	1.05590581e-01	2.94930196e-02	1.31290173e-02	6.09270034e-03	4.22385541e-03	2.07802929e-03	3.34735063e-04	8.67170743e-04	-1.89729138e-04	3.42883910e-02	1.44942045e-02	9.22687299e-03	3.42878036e-03	1.30012948e-03	5.13996873e-04	-3.21832593e-05	-3.46874609e-04	1.27194377e-02	8.85844912e-03	2.64146291e-03	1.02677728e-03	3.15958372e-04	-6.68436736e-04	-4.08146951e-04	4.28567457e-03	2.40914711e-03	1.86119506e-03	7.39247082e-04	-2.76830436e-04	3.24018492e-05	1.73239425e-03	1.20085057e-03	8.71501492e-04	4.50822665e-04	-3.16623815e-05	1.70913860e-03	4.11707462e-04	9.21453291e-05	7.59447133e-05	-4.25283473e-04	-3.51448791e-04	-3.77740623e-04	-1.08717806e-03	-1.96163016e-04	-2.26774740e-04	
5	-8.32008967e-02	-1.78517876e-02	-5.87975795e-03	-2.05054859e-03	-1.40393263e-03	-1.52473602e-03	-1.12543942e-03	-2.29736565e-04	-2.92944710e-04	-2.97728495e-02	-1.22856884e-02	-3.74221180e-03	-3.15546843e-03	-2.93611262e-04	-1.18308702e-04	9.74380822e-05	8.85379158e-05	-1.27746973e-02	-7.46835510e-03	-3.48701888e-03	-5.15894381e-04	-4.52975103e-04	-2.47184612e-04	-1.21969305e-04	-6.58543419e-03	-3.40130351e-03	-1.51712392e-03	-9.32908251e-04	-1.72399271e-04	-4.40680777e-04	-2.33910642e-03	-9.46749524e-04	-6.39371445e-04	-2.76560481e-04	4.03628562e-04	-1.02370705e-03	-9.89461876e-04	-5.07358907e-04	-1.85230770e-04	-1.82108266e-03	-1.03905621e-03	-3.92439609e-04	-6.66344500e-04	-1.68027561e-04	1.80589691e-06	
