## Order: 5
## Bins: 10
## Minimum Radius = 2.00e+01
## Maximum Radius = 1.60e+02
## Format: Row 1 = radial bin 1, Row 2 = radial bin 2, Rows 3+ = zeta_ell^ab
## Column 1 specifies the angular multipole
 	 0	 0	 0	 0	 0	 0	 0	 0	 0	 1	 1	 1	 1	 1	 1	 1	 1	 2	 2	 2	 2	 2	 2	 2	 3	 3	 3	 3	 3	 3	 4	 4	 4	 4	 4	 5	 5	 5	 5	 6	 6	 6	 7	 7	 8	 
	 1	 2	 3	 4	 5	 6	 7	 8	 9	 2	 3	 4	 5	 6	 7	 8	 9	 3	 4	 5	 6	 7	 8	 9	 4	 5	 6	 7	 8	 9	 5	 6	 7	 8	 9	 6	 7	 8	 9	 7	 8	 9	 8	 9	 9	
0	1.51267395e-01	7.43716813e-02	3.54668939e-02	1.75225770e-02	1.90258895e-02	1.43964888e-02	6.62563303e-03	3.29283234e-03	-8.59005179e-04	2.72576793e-02	1.42257217e-02	8.25514370e-03	8.75856336e-03	5.79486104e-03	2.83024610e-03	3.63615363e-03	1.23114358e-03	5.35026044e-03	6.08343419e-03	7.03426089e-03	3.30115271e-03	1.65258263e-03	2.52471633e-03	1.59887466e-03	2.81607552e-03	5.11252886e-03	2.59009094e-03	1.33953964e-03	1.55172109e-03	9.06600678e-04	3.53446784e-03	1.79102974e-03	1.30017450e-03	1.16174004e-03	5.69169534e-04	2.60665578e-03	1.88324919e-03	1.51870996e-03	9.89288246e-04	6.21677436e-04	9.51746788e-04	7.77500062e-04	3.08456837e-04	3.61562911e-04	-5.26342001e-04	
1	-4.64910271e-02	-2.36707239e-02	-1.19881037e-02	-6.48092855e-03	-1.93822908e-03	1.35429689e-03	-1.87293272e-03	-3.14837757e-03	-7.50704563e-04	-8.60108562e-03	-6.45187294e-03	-5.52620100e-03	-2.46812760e-03	1.87689473e-03	9.77273116e-04	-1.59623457e-03	-1.33584186e-03	-1.83831971e-03	-2.33703561e-03	-1.27978641e-03	1.63955514e-03	6.29780677e-04	-1.32858734e-03	-1.95432185e-03	1.70438324e-03	-2.03166190e-04	1.19532401e-03	-9.96099798e-05	-8.09396681e-04	-1.37746064e-03	-4.84771406e-04	-5.33834531e-05	-1.27448863e-03	-1.86207701e-03	-1.89201391e-03	-5.75471743e-04	-1.56791927e-03	-1.62766040e-03	-1.29457111e-03	-1.89934170e-04	-5.04310756e-04	-4.71141134e-04	5.97630334e-04	-8.05709645e-05	2.77469623e-04	
2	1.80557300e-01	8.66758832e-02	5.14808580e-02	2.76738729e-02	1.38859775e-02	1.13035940e-02	1.23450209e-02	1.01823652e-02	6.92119236e-03	5.02505111e-02	2.74574025e-02	1.42347163e-02	1.02461932e-02	7.05620930e-03	5.31997173e-03	4.72521282e-03	4.43956838e-03	1.30812729e-02	8.46175695e-03	7.12954947e-03	5.18630232e-03	3.55407249e-03	2.26667765e-03	2.23189321e-03	4.05799068e-03	4.34940366e-03	3.33372834e-03	2.49398018e-03	2.25493095e-03	1.86118849e-03	1.46820991e-03	1.64331624e-03	1.40003670e-03	1.32896900e-03	5.43182335e-04	1.29023808e-03	8.08376963e-04	1.40077902e-03	1.56327034e-03	4.79330305e-04	1.58828757e-03	1.83364505e-03	1.05994875e-03	7.69943547e-04	3.48091621e-04	
3	-1.25254359e-01	-4.60970689e-02	-2.03897053e-02	-1.38289614e-02	-6.73399827e-03	3.66792800e-04	-1.59981437e-03	-2.09861888e-03	-2.54203137e-03	-3.97147321e-02	-2.17594220e-02	-1.02925961e-02	-3.51590244e-03	-7.49228486e-04	-7.22889240e-04	-1.07644693e-03	-2.24519840e-03	-1.55356437e-02	-8.40603437e-03	-3.85285209e-03	-2.40382430e-03	-1.67582391e-03	-9.57351848e-04	-1.44017810e-03	-5.03078991e-03	-3.77644628e-03	-2.52897873e-03	-1.56237237e-03	-5.07686622e-04	-8.54033670e-04	-2.19598881e-03	-1.06468780e-03	-8.39187396e-04	-7.29737300e-04	-2.99133280e-04	-7.23638412e-04	-1.98721330e-04	-9.33047778e-04	-6.11405340e-04	-7.11544150e-05	-8.15072123e-04	-7.11879113e-04	-3.48933647e-05	-4.56655815e-04	-1.28400775e-04	
4	1.05297168e-01	3.15313406e-02	1.22486495e-02	6.32020770e-03	5.35145434e-03	8.00853650e-04	-4.86729969e-04	2.14370568e-03	9.81593898e-04	3.29921370e-02	1.38736099e-02	6.70758419e-03	4.60856404e-03	1.04986988e-03	3.00276208e-04	1.83768906e-03	1.18986117e-03	1.27751088e-02	7.90484034e-03	2.54724877e-03	-5.33200015e-04	-4.50612464e-04	-1.68323817e-05	6.45441645e-04	5.11763355e-03	2.73467458e-03	6.42915438e-04	3.75705478e-05	-2.53777139e-04	4.71285537e-05	2.08171976e-03	1.50282694e-03	5.22695849e-04	2.72105289e-04	4.64394244e-05	1.83632189e-03	-1.25544216e-05	1.08928064e-04	-1.05230384e-06	4.38766430e-04	8.11879126e-04	7.25317944e-04	2.60414710e-04	5.72732597e-04	3.50107018e-05	
5	-8.08805788e-02	-1.98483936e-02	-7.01838677e-03	-1.88036777e-03	-1.53428492e-03	-9.08136241e-04	1.32510887e-04	-3.39971580e-04	-2.68728898e-04	-3.06794649e-02	-1.02082321e-02	-2.69198936e-03	-1.46977732e-03	-1.22454681e-03	-4.46889621e-04	-1.27835344e-03	-5.75264722e-04	-1.21415107e-02	-5.59342472e-03	-2.38939422e-03	2.92942094e-04	6.53932286e-04	-5.30869391e-04	-4.75080371e-04	-5.34550895e-03	-2.65713839e-03	-6.53746454e-04	7.45763110e-04	-2.00030540e-04	-1.04954910e-04	-1.33831988e-03	-1.58448977e-04	3.08743488e-04	-8.39811333e-05	-2.28797884e-04	-2.02735727e-03	-1.54843651e-03	-9.48199280e-04	-7.97170236e-04	-1.27939103e-03	-6.20752066e-04	-6.39561742e-04	-2.53976251e-05	-3.81543504e-04	2.79718977e-04	
