## Order: 5
## Bins: 10
## Minimum Radius = 2.00e+01
## Maximum Radius = 1.60e+02
## Format: Row 1 = radial bin 1, Row 2 = radial bin 2, Rows 3+ = zeta_ell^ab
## Column 1 specifies the angular multipole
 	 0	 0	 0	 0	 0	 0	 0	 0	 0	 1	 1	 1	 1	 1	 1	 1	 1	 2	 2	 2	 2	 2	 2	 2	 3	 3	 3	 3	 3	 3	 4	 4	 4	 4	 4	 5	 5	 5	 5	 6	 6	 6	 7	 7	 8	 
	 1	 2	 3	 4	 5	 6	 7	 8	 9	 2	 3	 4	 5	 6	 7	 8	 9	 3	 4	 5	 6	 7	 8	 9	 4	 5	 6	 7	 8	 9	 5	 6	 7	 8	 9	 6	 7	 8	 9	 7	 8	 9	 8	 9	 9	
0	1.23987705e-01	5.79556115e-02	2.65206260e-02	1.05157094e-02	8.45970690e-03	1.67872127e-03	-1.06370646e-03	-1.86860216e-03	3.03784922e-05	2.41345948e-02	1.53193056e-02	7.00320645e-03	4.62418836e-03	1.94519911e-04	-1.43780701e-03	-2.52698139e-03	-1.45458799e-03	7.38440743e-03	3.93337163e-03	3.16701064e-03	7.52470111e-04	-6.53759539e-04	-1.15872234e-03	-8.76005735e-04	1.59231024e-03	3.00054698e-03	3.18483285e-04	-7.06379999e-04	-2.14888679e-04	7.09965568e-04	2.21721141e-03	1.44633557e-04	-7.46668891e-04	-2.37829379e-04	5.92452998e-04	3.40628273e-04	8.48483599e-05	4.66977512e-04	8.80163099e-04	-1.58661432e-03	-4.81789003e-04	1.14322212e-04	-7.21480625e-04	-8.50648045e-05	-2.86780093e-04	
1	-4.10313157e-02	-1.42770164e-02	-6.78161287e-03	-4.10905175e-03	-4.86019424e-03	1.06622828e-03	-4.56795584e-04	-9.64048983e-04	-2.54528059e-04	-5.44943267e-03	-2.89450366e-03	-5.74269998e-03	-5.12209609e-03	-4.01832047e-04	1.36253128e-03	-5.76109094e-04	-4.64141976e-04	-4.16304107e-03	-5.35562813e-03	-4.47508181e-03	5.53408247e-04	6.86659484e-04	2.42388067e-04	-2.05774055e-04	-2.93193858e-03	-3.31206419e-03	-2.03701609e-04	8.25399991e-04	9.52377014e-04	1.21834994e-04	-2.41075238e-03	-6.56551213e-04	5.01581334e-04	5.67561650e-04	3.39155395e-04	-2.66709819e-04	3.84998874e-05	2.58615754e-04	7.17347646e-04	5.34792941e-04	3.70025576e-04	5.74927653e-04	5.76259419e-04	9.79336000e-06	-3.81609096e-04	
2	1.83235236e-01	8.38525762e-02	5.46066734e-02	3.18523693e-02	2.03990562e-02	1.57253387e-02	1.18004025e-02	9.02283263e-03	3.82776780e-03	4.62629770e-02	2.47321461e-02	1.52965938e-02	1.04259824e-02	8.34070938e-03	6.79405095e-03	4.53632316e-03	3.51388443e-03	1.10519197e-02	8.16756363e-03	5.94671274e-03	3.66838716e-03	2.78375965e-03	1.87119862e-03	2.37330968e-03	3.12543735e-03	3.64712090e-03	2.98198508e-03	1.64594201e-03	4.04141899e-04	6.63368801e-04	3.81314384e-04	1.01468832e-03	1.26288256e-03	1.33101292e-04	8.04985102e-05	8.84013586e-04	9.91716966e-04	5.69723778e-04	5.22362402e-04	4.35239348e-04	6.94811927e-04	8.58900761e-04	-2.28871049e-04	1.77342568e-04	-3.92948268e-04	
3	-1.27963599e-01	-4.48065365e-02	-2.04138057e-02	-1.52119161e-02	-7.19431319e-03	-3.28143991e-03	-2.82356088e-03	-3.13641118e-03	-2.17654162e-03	-3.37006522e-02	-1.72803020e-02	-9.54971149e-03	-5.08812997e-03	-3.42481230e-03	-1.60214423e-03	-1.74542040e-03	-1.05496072e-03	-1.01723084e-02	-5.38195959e-03	-3.03840199e-03	-1.95053618e-03	-1.64550234e-03	-4.41765802e-04	7.30101449e-05	-1.03454647e-03	-2.67751446e-03	-1.54707176e-03	-9.49432277e-04	-9.97036310e-05	-3.47251381e-05	-9.92475013e-04	-6.74346056e-04	-6.99450441e-04	3.01448017e-05	-8.89929894e-05	1.84936604e-04	-2.94662720e-04	-1.96013024e-04	-4.26155872e-04	3.53388965e-04	-1.52255570e-04	-2.97929207e-04	1.04265814e-03	1.56888664e-04	5.47122647e-04	
4	1.04489675e-01	3.02141795e-02	1.05970602e-02	4.60327544e-03	3.39972065e-03	-6.94378041e-04	-3.79040366e-04	4.14550527e-04	6.42206869e-04	3.36542250e-02	1.37157762e-02	6.59835953e-03	3.14037333e-03	1.18130087e-03	8.19099294e-05	1.56921956e-04	9.26565466e-04	1.28456839e-02	6.92626557e-03	3.55724512e-03	1.28288910e-03	5.22703192e-04	6.84363344e-04	2.87526847e-05	4.45520357e-03	2.47454012e-03	1.21619981e-03	5.34759917e-04	6.29883710e-04	2.84023800e-04	5.57069721e-04	2.65622858e-04	5.52017826e-05	9.98697688e-06	-8.73771567e-06	-1.76454665e-04	4.51710465e-05	7.35647091e-05	-1.69692463e-04	4.23046734e-05	1.02112471e-03	5.27385578e-04	2.22950489e-05	3.65904209e-04	-5.62956472e-04	
5	-8.37950229e-02	-1.93501866e-02	-4.81781563e-03	1.25629575e-04	-2.17768711e-03	-1.21242561e-03	-1.01205959e-04	3.92818511e-04	4.54497131e-04	-3.37347383e-02	-1.24214427e-02	-4.49444612e-03	-3.20316216e-03	-1.62993958e-03	-4.27209448e-05	9.03726211e-04	4.40995311e-04	-1.21301032e-02	-5.87261346e-03	-3.08292064e-03	-1.51292105e-03	-4.74284277e-04	5.37571024e-04	5.13866984e-04	-4.66854676e-03	-3.32263330e-03	-1.07426167e-03	-3.37458569e-04	-5.23705665e-04	-2.56981439e-04	-2.11053468e-03	-6.71421899e-04	-5.73723666e-04	-1.00542243e-03	-8.41233973e-04	-7.09160270e-04	-5.77055572e-04	-3.31200788e-04	-3.71883707e-04	-4.42608723e-04	-5.80795619e-04	-4.90939944e-04	-2.29059980e-04	-5.15742627e-04	1.93777704e-04	
