## Order: 5
## Bins: 10
## Minimum Radius = 2.00e+01
## Maximum Radius = 1.60e+02
## Format: Row 1 = radial bin 1, Row 2 = radial bin 2, Rows 3+ = zeta_ell^ab
## Column 1 specifies the angular multipole
 	 0	 0	 0	 0	 0	 0	 0	 0	 0	 1	 1	 1	 1	 1	 1	 1	 1	 2	 2	 2	 2	 2	 2	 2	 3	 3	 3	 3	 3	 3	 4	 4	 4	 4	 4	 5	 5	 5	 5	 6	 6	 6	 7	 7	 8	 
	 1	 2	 3	 4	 5	 6	 7	 8	 9	 2	 3	 4	 5	 6	 7	 8	 9	 3	 4	 5	 6	 7	 8	 9	 4	 5	 6	 7	 8	 9	 5	 6	 7	 8	 9	 6	 7	 8	 9	 7	 8	 9	 8	 9	 9	
0	1.11584206e-01	4.72510816e-02	2.48216629e-02	1.50244679e-02	1.07650851e-02	6.16784757e-05	-1.32547205e-03	-1.71105325e-03	-4.17582214e-03	6.41898977e-03	5.06555880e-03	3.05658019e-03	1.28736919e-03	-1.03766313e-03	-4.95360143e-04	-1.08945832e-04	-7.66264738e-04	-3.46423415e-03	3.64136931e-04	-1.41297931e-04	-1.22915939e-03	-1.11910583e-03	-3.44911438e-04	-1.09823443e-04	5.22917588e-04	9.06955867e-04	3.24664260e-04	-8.20420119e-04	-5.06101310e-04	2.78677967e-04	9.39511344e-04	1.52181726e-04	-5.78356927e-04	-2.89152428e-04	2.15493573e-04	-4.94597953e-04	-9.17413209e-04	-8.61339538e-04	-6.20545531e-04	-1.60170117e-03	-1.35331492e-03	-5.50873050e-04	-1.36139352e-03	-6.13594436e-04	-3.35394701e-04	
1	-3.89066675e-02	-1.47055898e-02	-5.79283838e-03	-3.95812943e-03	-4.53677442e-03	-6.93700198e-04	5.83797135e-04	-1.38914741e-03	-1.34453094e-03	-2.78194876e-03	-3.85804775e-03	-3.21383998e-03	-1.00375529e-03	2.50575467e-03	1.33167514e-03	-9.41209750e-04	-1.78017117e-03	9.53660195e-04	-1.65750331e-03	6.94115819e-05	1.89514377e-03	4.44237859e-04	-3.22712057e-04	-3.49332679e-04	-6.84040703e-04	-1.12216241e-03	-4.65437424e-06	2.23542925e-04	-4.37353631e-04	-1.39360727e-04	-8.16520934e-04	-5.95964915e-04	-2.16533677e-04	-1.98642723e-04	-5.79439950e-05	-1.57029194e-04	-3.73091945e-04	-6.24835613e-04	-2.54932342e-04	2.57552825e-04	-3.23908031e-04	2.75967949e-04	3.88685441e-04	4.38395967e-04	1.78077559e-04	
2	1.87202289e-01	9.01485455e-02	4.93229508e-02	2.77404740e-02	1.65822750e-02	1.56022854e-02	1.10552181e-02	8.06966718e-03	6.72716505e-03	4.40098832e-02	2.40752596e-02	1.21405918e-02	8.70102919e-03	7.41187758e-03	4.68346740e-03	3.71313712e-03	3.10994594e-03	1.03648737e-02	6.94690656e-03	4.09446794e-03	2.35907793e-03	2.21921202e-03	1.40672911e-03	8.57719387e-04	2.63148447e-03	2.97452883e-03	6.97761991e-04	9.02856324e-04	9.07824641e-04	3.85052904e-04	1.71237432e-03	7.72180759e-04	5.91430215e-04	1.70928104e-04	3.59235014e-04	7.26184750e-04	7.37542742e-04	5.05663500e-04	2.65715470e-04	9.58738857e-04	9.19712692e-04	7.45376949e-04	9.80744873e-04	7.03100784e-04	1.10571898e-04	
3	-1.27229476e-01	-4.71734661e-02	-2.42041253e-02	-1.15567686e-02	-4.82101936e-03	-1.99463356e-03	-3.09036905e-03	-2.26762061e-03	-1.02613969e-03	-3.84487841e-02	-1.99800510e-02	-7.50677678e-03	-2.63215907e-03	-2.28921609e-03	-1.64334677e-03	-9.20236359e-04	-3.56899185e-04	-1.22405310e-02	-5.77586377e-03	-2.57252636e-03	-5.20963004e-04	-1.30213925e-03	-1.61567968e-04	-6.64193705e-05	-2.53219157e-03	-2.27144363e-03	-6.09280414e-04	-2.57724447e-04	2.14048457e-04	-1.10202745e-04	-1.12662717e-03	1.39745581e-04	3.02350098e-04	2.57587989e-04	6.02695684e-05	7.23000282e-04	5.45051428e-04	-2.58453263e-05	-1.67333698e-04	1.04908976e-03	-1.97638205e-04	-4.83303897e-04	2.10450987e-04	-2.27192672e-04	4.77413388e-04	
4	1.05470780e-01	3.25974112e-02	1.41998156e-02	5.87879424e-03	3.93863580e-03	1.00127113e-03	8.25411708e-04	1.43116033e-03	3.72455060e-04	3.39213986e-02	1.48990961e-02	7.28648402e-03	1.78975021e-03	6.12986795e-04	4.36906655e-04	1.33506291e-03	1.62879365e-03	1.38083977e-02	6.90329779e-03	1.67289952e-03	4.27093807e-04	5.75255314e-04	8.56535107e-04	9.62412575e-04	4.71098073e-03	1.93802278e-03	4.65106326e-04	8.57922331e-04	6.14772477e-04	3.50670093e-04	8.53598498e-04	6.42844036e-04	8.42221054e-04	5.09018944e-04	5.94140403e-04	-1.55876622e-04	7.96388429e-04	7.74706446e-04	8.03740547e-04	9.88799980e-05	3.57887125e-04	4.66570131e-04	-2.66220741e-04	1.48151298e-04	8.38990340e-05	
5	-8.30739108e-02	-1.98005370e-02	-6.47847278e-03	-2.31369315e-03	-2.04786546e-03	-4.70303668e-04	-4.59102885e-04	-7.84343011e-04	-2.57746694e-04	-2.82678986e-02	-9.03955363e-03	-4.21090130e-03	-2.53945347e-03	-9.18690897e-04	-2.82388119e-04	-1.11795777e-04	-3.02785813e-04	-1.13466550e-02	-6.48352737e-03	-2.06897412e-03	-8.32601394e-05	-3.20755408e-04	2.52390861e-05	-5.17461679e-04	-5.06345300e-03	-2.61853094e-03	-7.73454415e-04	-7.35533373e-04	-7.39850027e-04	-2.94603541e-05	-2.60073228e-03	-1.39477745e-03	-1.32294611e-03	-7.85247156e-04	-1.19779580e-04	-1.25097465e-03	-1.10933512e-03	-6.48973664e-04	1.26433026e-04	-6.18392601e-05	-7.27610454e-04	-6.40086614e-04	-1.70025355e-04	-6.19869702e-04	-1.31594774e-04	
