## Order: 5
## Bins: 10
## Minimum Radius = 2.00e+01
## Maximum Radius = 1.60e+02
## Format: Row 1 = radial bin 1, Row 2 = radial bin 2, Rows 3+ = zeta_ell^ab
## Column 1 specifies the angular multipole
 	 0	 0	 0	 0	 0	 0	 0	 0	 0	 1	 1	 1	 1	 1	 1	 1	 1	 2	 2	 2	 2	 2	 2	 2	 3	 3	 3	 3	 3	 3	 4	 4	 4	 4	 4	 5	 5	 5	 5	 6	 6	 6	 7	 7	 8	 
	 1	 2	 3	 4	 5	 6	 7	 8	 9	 2	 3	 4	 5	 6	 7	 8	 9	 3	 4	 5	 6	 7	 8	 9	 4	 5	 6	 7	 8	 9	 5	 6	 7	 8	 9	 6	 7	 8	 9	 7	 8	 9	 8	 9	 9	
0	1.04338103e-01	4.61975058e-02	2.08602193e-02	1.42366813e-02	9.94628697e-03	5.17091203e-03	-1.11730974e-04	-2.30994248e-03	-2.46860466e-03	1.07488992e-02	4.85309460e-03	5.23762463e-03	4.00421881e-03	4.43268418e-04	-1.54730726e-03	-1.20439506e-03	-2.19038173e-03	-7.86440561e-04	2.37863899e-03	3.04388949e-03	4.37457162e-04	-8.01933908e-04	-1.24298553e-03	-2.25095097e-03	-8.45252340e-04	1.30811819e-03	-4.45657250e-05	-4.02290870e-04	-7.79161220e-04	-9.76591987e-04	-3.28589581e-04	-6.77561002e-04	-3.45264711e-04	-3.24385428e-04	-4.15559825e-04	-8.28044317e-04	-5.27334829e-04	-2.71190750e-04	-1.95651314e-04	-1.04488706e-03	-2.92671828e-04	-7.77020434e-05	1.09669061e-04	-1.79141160e-04	-2.64603218e-04	
1	-3.34393779e-02	-1.36994906e-02	-2.05190636e-03	-4.48522542e-03	-4.75786483e-03	-4.97007896e-04	-8.64157514e-04	-1.13988081e-03	-4.69096130e-04	2.07621976e-03	1.16565123e-03	-2.92742602e-03	-4.68607439e-03	-1.71302718e-04	-5.06251282e-04	-4.09021102e-04	1.64764774e-04	4.66937367e-03	-1.04639473e-03	-3.28481052e-03	-1.12059425e-03	-1.34479122e-03	-2.53556761e-04	-1.60398834e-05	1.94260997e-03	-2.31294505e-03	-8.81105920e-04	-8.43640255e-04	-5.91803293e-04	-4.24460181e-04	-1.98683956e-03	-7.41544316e-04	-2.64873539e-04	-2.14141841e-04	2.34048177e-04	-1.82952591e-04	-4.59141816e-04	-3.95636309e-05	3.29423848e-04	6.09076038e-04	5.64708782e-04	1.00541985e-03	1.43854585e-03	1.07445613e-03	1.14494982e-03	
2	1.75137518e-01	8.74053387e-02	5.06292193e-02	2.83285261e-02	1.71593343e-02	1.11285689e-02	9.83725574e-03	8.50463217e-03	5.33053255e-03	4.78904295e-02	2.47674378e-02	1.38314548e-02	1.05085796e-02	6.25599869e-03	4.36471796e-03	3.59534081e-03	2.92982097e-03	1.12619738e-02	8.80622921e-03	6.09546837e-03	3.37440014e-03	3.22470921e-03	2.03835151e-03	1.67973286e-03	3.75929481e-03	3.63714877e-03	2.09001904e-03	1.83231594e-03	9.32987122e-04	7.35782042e-04	1.05437334e-03	1.57852375e-03	1.60099793e-03	9.40791114e-04	6.94632455e-04	8.11192441e-04	9.65462067e-04	6.65933426e-04	5.77277282e-04	8.85682619e-04	9.04787462e-04	2.09674996e-04	5.06323854e-04	6.18138939e-05	2.48040120e-04	
3	-1.21561182e-01	-4.11091481e-02	-2.20527904e-02	-1.46631422e-02	-6.28933120e-03	-2.17739214e-03	-1.24704619e-03	-2.42346038e-03	-1.40577808e-03	-3.77723367e-02	-2.10005432e-02	-1.15962808e-02	-4.93971843e-03	-2.19370457e-03	-8.98871836e-04	-6.11918922e-04	-8.70926920e-04	-1.27719365e-02	-7.57386731e-03	-4.09264804e-03	-1.59191944e-03	-4.91393036e-04	-5.42972357e-04	-3.98455026e-04	-3.96689899e-03	-3.14406283e-03	-1.01948537e-03	-8.74353541e-04	-9.36118367e-04	-2.26370174e-04	-1.77998263e-03	-6.87322085e-04	2.65882560e-04	-1.52261717e-04	-2.02657808e-05	-2.31458856e-04	-9.92585363e-05	-8.01366680e-05	-4.69170444e-04	-2.59735750e-04	-2.29855339e-04	-9.86227228e-04	2.68739737e-04	-2.84648983e-04	1.13143748e-04	
4	1.01567325e-01	3.09057557e-02	1.20207280e-02	5.44146654e-03	3.24777852e-03	1.96102177e-03	1.17723454e-04	6.31242717e-04	1.00599636e-03	3.33586983e-02	1.27539598e-02	6.61290514e-03	2.55532656e-03	1.42587607e-03	7.55030544e-04	6.97993699e-04	8.32268533e-04	1.29206024e-02	7.66320979e-03	4.03744803e-03	1.88521333e-03	1.30516627e-03	8.26303752e-04	9.03212815e-04	6.02643519e-03	3.20267505e-03	1.17388766e-03	1.38726450e-03	1.00010591e-03	4.74232153e-04	2.69929613e-03	1.84308138e-03	7.48611426e-04	5.65916509e-04	3.53917161e-04	1.19249786e-03	2.16165948e-04	-2.86156450e-04	-2.53878866e-04	1.37713430e-04	9.86792203e-05	-1.05736101e-04	-7.32370742e-04	-8.49067970e-05	-1.78309422e-04	
5	-7.86751591e-02	-1.88943015e-02	-6.75866121e-03	-3.26823827e-03	-1.72159681e-03	-6.82344707e-04	-8.92065193e-05	8.20880181e-04	-8.29955113e-05	-3.04077561e-02	-9.61255861e-03	-3.12168899e-03	-1.84313472e-03	-6.28745019e-05	-1.37521094e-04	-4.37331717e-04	-8.66362448e-04	-1.06125468e-02	-5.88063229e-03	-2.49517737e-03	-1.40131479e-03	-9.41943514e-04	-7.42468118e-04	-3.46695202e-04	-5.30390106e-03	-3.29658840e-03	-1.48351122e-03	-1.12946430e-03	-9.42268204e-04	-4.83283509e-04	-1.68969129e-03	-5.40665341e-04	-9.14330582e-04	-1.07891447e-03	-1.13592210e-03	-1.01068685e-03	-8.22459802e-04	-6.85599153e-04	-3.03391618e-04	-4.20760562e-04	-4.64544761e-04	6.98977872e-06	-1.77477321e-04	-1.38367762e-04	2.02562877e-04	
