## Order: 5
## Bins: 10
## Minimum Radius = 2.00e+01
## Maximum Radius = 1.60e+02
## Format: Row 1 = radial bin 1, Row 2 = radial bin 2, Rows 3+ = zeta_ell^ab
## Column 1 specifies the angular multipole
 	 0	 0	 0	 0	 0	 0	 0	 0	 0	 1	 1	 1	 1	 1	 1	 1	 1	 2	 2	 2	 2	 2	 2	 2	 3	 3	 3	 3	 3	 3	 4	 4	 4	 4	 4	 5	 5	 5	 5	 6	 6	 6	 7	 7	 8	 
	 1	 2	 3	 4	 5	 6	 7	 8	 9	 2	 3	 4	 5	 6	 7	 8	 9	 3	 4	 5	 6	 7	 8	 9	 4	 5	 6	 7	 8	 9	 5	 6	 7	 8	 9	 6	 7	 8	 9	 7	 8	 9	 8	 9	 9	
0	9.58663896e-02	3.68187248e-02	1.99468334e-02	1.01870415e-02	1.23783782e-02	1.03129431e-02	4.00852000e-03	-5.83410783e-04	-2.27799125e-03	5.42082462e-03	6.55623765e-04	-2.35738220e-03	4.03894905e-04	9.95799314e-04	1.96599216e-04	-5.48133606e-04	1.96303128e-04	-5.11618084e-03	-4.38210801e-03	-8.25224078e-04	-7.78417105e-04	-6.17974908e-04	-1.13290423e-03	4.09967944e-05	-3.89127083e-03	-1.73946127e-03	-6.30965926e-04	-4.65774542e-04	-6.07083094e-04	8.59234198e-06	-9.92165797e-04	-2.20707180e-04	-1.50096835e-04	-1.28313453e-04	5.23778324e-04	4.64337959e-04	3.84011575e-04	2.21303712e-05	3.80874395e-04	7.24538912e-04	3.36887268e-04	4.90143816e-04	-2.77624711e-05	4.05198221e-04	2.84665577e-04	
1	-2.70922857e-02	-1.40016723e-02	-5.82009069e-03	-1.54958891e-03	-3.17375917e-03	8.23576360e-04	-2.14355867e-03	-1.90646462e-03	-1.07777360e-03	1.17757817e-03	-2.75305295e-03	-3.11750607e-03	-1.24448180e-03	1.91960804e-03	5.21292412e-04	-1.53615955e-04	2.83709424e-04	1.06456824e-03	-1.37648807e-03	-7.36178947e-04	1.95842894e-03	1.94054038e-03	9.32281151e-04	-7.12527719e-05	2.08991502e-03	-2.63505819e-04	1.55163349e-03	1.34459677e-03	3.99716524e-04	2.12452655e-04	8.31058637e-04	1.48144361e-03	4.17719644e-04	9.58284129e-05	2.02316761e-04	5.11282001e-04	2.89444056e-04	-9.96885082e-05	1.28567652e-04	2.50808915e-04	-5.90071899e-04	-1.10874896e-04	1.52175328e-06	-2.50260624e-04	2.39009189e-04	
2	1.76748502e-01	8.53962407e-02	4.77574473e-02	2.66469972e-02	1.24952730e-02	8.86552151e-03	8.11277279e-03	9.39184227e-03	4.40497757e-03	4.44906572e-02	2.54427022e-02	1.50077437e-02	7.63952869e-03	3.26814753e-03	3.25367631e-03	3.43739075e-03	2.15991477e-03	1.12680914e-02	8.78952457e-03	6.46721446e-03	3.35358900e-03	1.34009599e-03	2.04817329e-03	1.67349614e-03	3.33737043e-03	3.01320551e-03	1.58880350e-03	5.03672970e-04	6.21032525e-04	1.50632694e-04	1.10159675e-03	2.64980676e-04	1.91510840e-04	1.39712661e-04	-3.46380251e-05	4.09662358e-04	5.83807057e-05	-5.15048024e-05	-1.76663553e-04	4.94045346e-04	4.33667729e-04	3.02243416e-04	7.19761167e-05	2.55301231e-04	-1.81734518e-04	
3	-1.30199223e-01	-5.11588682e-02	-2.37991935e-02	-1.16129783e-02	-6.06916827e-03	-1.27925838e-03	-1.48248687e-03	-1.99632081e-03	-2.14848300e-03	-3.91261229e-02	-1.89396421e-02	-9.89012902e-03	-5.53694079e-03	-1.78188746e-03	-7.99826046e-04	-1.32221844e-03	-1.40800485e-03	-1.29109631e-02	-6.63844456e-03	-4.57740707e-03	-1.37828100e-03	-5.84863270e-04	-6.47898534e-04	-8.56510867e-04	-4.05627437e-03	-2.94792782e-03	-9.31415059e-04	-3.35210618e-04	-2.63979378e-04	3.97495379e-05	-9.04161980e-04	-2.61883027e-04	3.14566156e-04	-1.97257169e-04	-1.91659158e-06	-7.47714115e-04	-2.81772285e-04	3.43522823e-04	3.50847511e-04	-4.49571776e-04	2.12722118e-04	2.24454411e-04	9.34539746e-04	6.11702638e-04	3.04925213e-04	
4	9.85755480e-02	2.54620704e-02	8.73869812e-03	2.98346938e-03	3.62062200e-03	1.22315712e-03	-8.75081604e-04	-9.33167733e-04	1.30132287e-04	3.44551527e-02	1.31018653e-02	7.33852041e-03	4.08078126e-03	1.68975137e-03	-2.73452805e-05	-6.10471243e-04	-1.70319840e-04	1.29905642e-02	7.07618255e-03	3.73257837e-03	1.80342434e-03	5.17604114e-05	8.33708441e-05	3.69590503e-04	5.29957389e-03	2.61792559e-03	1.35688457e-03	5.99981753e-04	6.16493976e-04	4.09225746e-04	2.75625097e-03	1.78012571e-03	1.22878610e-04	-8.31755434e-05	1.66977088e-04	1.43235615e-03	4.10958695e-04	1.36902666e-04	3.72110376e-04	6.00400160e-04	2.46041623e-04	5.62681548e-04	-1.75051874e-05	3.68100290e-04	-1.83290146e-04	
5	-8.26944296e-02	-1.50783267e-02	-4.95178586e-03	9.69424615e-04	-1.11816433e-03	-2.04980802e-03	1.82862243e-04	-1.67474454e-04	3.53107410e-04	-2.95920268e-02	-1.06536027e-02	-2.36411873e-03	-1.93680548e-03	-1.13681151e-03	-5.38311527e-04	5.95032098e-04	2.04463164e-04	-1.04941799e-02	-3.29815938e-03	-1.20849279e-03	-1.34652153e-03	-3.50802477e-04	-1.37942368e-04	-3.76883034e-04	-5.15604426e-03	-2.77303997e-03	-1.05397451e-03	-2.46331635e-04	-2.71396578e-04	2.46494493e-04	-2.68038349e-03	-6.89106743e-04	-6.70766851e-05	-7.95074467e-04	-4.02303251e-04	-1.97677762e-03	-1.02807113e-03	-8.03059310e-04	-6.45821904e-04	-9.08971958e-04	-8.77259219e-04	-3.21515962e-04	-6.22507314e-04	-2.99068226e-04	6.40791740e-04	
