## Order: 5
## Bins: 10
## Minimum Radius = 2.00e+01
## Maximum Radius = 1.60e+02
## Format: Row 1 = radial bin 1, Row 2 = radial bin 2, Rows 3+ = zeta_ell^ab
## Column 1 specifies the angular multipole
 	 0	 0	 0	 0	 0	 0	 0	 0	 0	 1	 1	 1	 1	 1	 1	 1	 1	 2	 2	 2	 2	 2	 2	 2	 3	 3	 3	 3	 3	 3	 4	 4	 4	 4	 4	 5	 5	 5	 5	 6	 6	 6	 7	 7	 8	 
	 1	 2	 3	 4	 5	 6	 7	 8	 9	 2	 3	 4	 5	 6	 7	 8	 9	 3	 4	 5	 6	 7	 8	 9	 4	 5	 6	 7	 8	 9	 5	 6	 7	 8	 9	 6	 7	 8	 9	 7	 8	 9	 8	 9	 9	
0	1.26311940e-01	5.48021721e-02	2.81323676e-02	1.47818274e-02	6.34772854e-03	-8.25503198e-04	-8.34321078e-03	-9.47901990e-03	-8.93384023e-03	2.38444155e-02	1.34473725e-02	8.63272832e-03	3.41146828e-03	-1.01867843e-03	-3.20010115e-03	-3.64036637e-03	-2.84073229e-03	3.35290841e-03	3.82311526e-03	4.62934182e-04	-1.50264724e-03	-1.38929996e-03	-1.15142373e-03	-1.92300919e-03	-3.47395016e-04	-7.43736663e-04	-1.44349040e-03	-8.43006361e-04	-3.15287213e-04	-3.39674135e-04	-8.31787618e-04	-6.27593044e-04	-8.71527602e-04	-5.33520855e-04	-2.57973728e-05	-4.61879667e-04	-2.94164945e-04	-4.24910789e-04	-3.03244021e-04	-7.47403323e-04	-3.70201238e-04	-6.38223728e-04	-9.97401224e-04	-6.17531655e-04	-1.17386138e-03	
1	-4.71190651e-02	-1.22317832e-02	-6.07623273e-03	-6.72296074e-03	-5.70913206e-03	-2.28822287e-03	-1.36524702e-03	-1.36368880e-03	1.48271801e-03	-2.78177349e-03	-5.30516559e-03	-6.92353368e-03	-4.21586384e-03	-1.02204006e-03	-1.56952806e-04	-1.60152855e-04	5.58368447e-04	-1.30151859e-03	-5.46533497e-03	-2.51675677e-03	8.31784732e-06	1.10615250e-04	-5.06392909e-05	2.95632502e-04	-5.62563600e-04	-1.09066732e-03	1.67777872e-03	1.77637796e-03	5.00070182e-04	4.61053974e-04	1.27074257e-03	2.63234376e-03	2.02487383e-03	7.38668173e-04	4.19730981e-04	3.61179820e-03	1.95440223e-03	3.78859493e-04	2.44884704e-06	3.08637030e-03	4.36856452e-04	1.48429321e-04	1.66406880e-03	5.59682432e-04	8.14671309e-04	
2	1.82690457e-01	8.78185422e-02	5.03189231e-02	2.98539590e-02	1.85869324e-02	1.26587289e-02	1.16370456e-02	7.78327596e-03	6.61044179e-03	4.42674701e-02	2.48115643e-02	1.62876194e-02	1.02484197e-02	6.68148242e-03	6.29631456e-03	4.44943024e-03	3.31731121e-03	1.28088293e-02	1.10168249e-02	6.57557213e-03	4.34462844e-03	3.50362766e-03	1.96406941e-03	1.71290654e-03	5.55305217e-03	5.02078729e-03	3.65221534e-03	3.37843995e-03	1.10751265e-03	1.00946539e-03	2.51150150e-03	2.12406766e-03	2.05294124e-03	8.88577913e-04	5.64766073e-04	1.37771762e-03	1.11760198e-03	5.27879696e-04	3.60768945e-04	-1.99746895e-04	4.97748347e-04	4.57731407e-04	-5.13504625e-04	-1.88827724e-04	-1.41307844e-04	
3	-1.26578423e-01	-4.67610734e-02	-2.09719089e-02	-1.26148174e-02	-6.60100315e-03	-2.07167822e-03	-2.63295700e-03	-2.36638274e-03	-4.00128823e-04	-3.87648671e-02	-1.85234780e-02	-8.74123772e-03	-4.50067815e-03	-2.02038028e-03	-1.35826130e-03	-1.36260762e-03	-8.73764442e-04	-9.92452410e-03	-7.00396000e-03	-4.38108879e-03	-3.05546996e-03	-1.27001190e-03	-5.03633755e-04	1.90806398e-04	-3.58602141e-03	-3.61398918e-03	-2.58506737e-03	-1.83480626e-03	-1.12325168e-03	-1.42093046e-04	-1.34880145e-03	-1.77575316e-03	-1.66121084e-03	-1.36142283e-03	-2.90954028e-04	-5.42976354e-04	-5.46723321e-04	-2.00634818e-04	2.29271269e-04	-9.22945478e-05	1.43784422e-04	-2.25958927e-04	9.47172516e-04	1.78441441e-04	9.33211502e-04	
4	1.03816982e-01	2.78831550e-02	1.00933096e-02	5.87454954e-03	4.32856187e-03	2.21857789e-03	4.44225580e-04	1.30598045e-03	1.20396970e-03	3.11811097e-02	1.34628230e-02	5.85759934e-03	3.51638589e-03	1.34007950e-03	1.01327985e-03	9.25054589e-04	1.45724801e-03	1.21417004e-02	5.74727816e-03	3.36045832e-03	2.65446868e-03	1.59891493e-03	5.18104364e-04	9.65687659e-04	3.54974957e-03	3.30317916e-03	1.78533254e-03	1.14127984e-03	1.22474146e-03	5.89287641e-04	2.19301668e-03	1.78908198e-03	9.81016700e-04	4.46497889e-04	4.35620167e-04	1.70318010e-03	1.22608157e-03	8.32936261e-04	3.08682829e-04	9.00993806e-04	6.89991203e-04	4.28856952e-04	3.49433861e-04	5.76332681e-04	-5.76404401e-06	
5	-8.21113104e-02	-1.69492768e-02	-5.27933687e-03	-2.79610090e-03	-1.80516089e-03	-2.00329963e-03	-4.63940007e-04	-1.49658079e-04	-4.81741250e-04	-2.87362844e-02	-8.62635944e-03	-3.40156318e-03	-1.86280256e-03	-1.53662296e-03	-1.17449695e-03	-4.14470997e-04	-1.66167317e-04	-1.07329254e-02	-5.83977784e-03	-2.36740618e-03	-1.00726446e-03	-2.53046269e-04	8.72636014e-05	1.69401828e-04	-4.59298016e-03	-2.41680853e-03	-9.46849632e-04	-1.46526142e-04	1.44537179e-04	6.95351531e-05	-1.24525830e-03	-1.11844301e-03	-6.12082852e-04	2.05398355e-04	2.61091890e-04	-6.94693027e-04	-5.24937791e-04	-2.55212040e-04	1.16417219e-04	3.33231159e-04	-1.69786835e-05	3.58039445e-04	6.19929123e-04	1.00588413e-04	3.45468541e-04	
