## Order: 5
## Bins: 10
## Minimum Radius = 2.00e+01
## Maximum Radius = 1.60e+02
## Format: Row 1 = radial bin 1, Row 2 = radial bin 2, Rows 3+ = zeta_ell^ab
## Column 1 specifies the angular multipole
 	 0	 0	 0	 0	 0	 0	 0	 0	 0	 1	 1	 1	 1	 1	 1	 1	 1	 2	 2	 2	 2	 2	 2	 2	 3	 3	 3	 3	 3	 3	 4	 4	 4	 4	 4	 5	 5	 5	 5	 6	 6	 6	 7	 7	 8	 
	 1	 2	 3	 4	 5	 6	 7	 8	 9	 2	 3	 4	 5	 6	 7	 8	 9	 3	 4	 5	 6	 7	 8	 9	 4	 5	 6	 7	 8	 9	 5	 6	 7	 8	 9	 6	 7	 8	 9	 7	 8	 9	 8	 9	 9	
0	1.09303566e-01	5.12881595e-02	2.73647401e-02	1.38741324e-02	8.82917507e-03	5.03871267e-03	1.29750239e-03	-7.33834409e-04	-4.45736888e-03	1.86918321e-02	9.70140090e-03	3.88152506e-03	3.25864925e-03	7.77792476e-04	6.18593028e-04	7.15060821e-04	-2.19742129e-03	1.20602254e-03	6.32638733e-04	9.52851780e-05	-1.01418102e-03	-9.33784480e-04	-5.23612846e-05	-1.37418514e-03	-2.25017639e-03	-2.31227986e-03	-2.31633718e-03	-1.85503062e-03	-1.56610250e-03	-8.23675592e-04	-1.27723856e-03	-8.09340429e-04	-1.17543665e-03	-9.39226073e-04	-2.67233049e-04	-1.05132448e-03	-8.13108727e-04	-6.64632388e-04	-6.55623270e-04	-1.03692038e-03	-4.00264462e-04	-4.71967033e-04	-2.30521929e-04	-1.27469108e-04	-3.09532905e-04	
1	-3.67398566e-02	-1.41090084e-02	-6.29360999e-03	-5.45880432e-03	-3.10023664e-03	5.55693349e-04	-1.07909809e-03	-1.01493803e-03	-9.04142153e-04	-2.99217516e-03	-4.95746637e-03	-5.48627858e-03	-2.41892706e-03	1.78211398e-03	8.18335131e-04	-6.84985130e-04	-1.37519795e-03	7.28757776e-05	-2.33265759e-03	-8.96944257e-04	1.68017043e-03	-1.43020141e-04	-8.35274952e-04	-7.42146755e-04	7.92222516e-04	-2.95067213e-04	1.47795312e-03	7.63089838e-04	-1.06641690e-04	-2.40722410e-04	7.00912602e-04	1.49436720e-03	2.24733268e-04	-4.59204800e-04	-3.36259751e-04	9.64653508e-05	-5.59112524e-04	-6.39532880e-04	5.48364953e-05	3.50996102e-04	-4.54962036e-04	-1.62488709e-04	5.53283221e-05	-4.18627541e-05	3.55491951e-04	
2	1.75667500e-01	7.98033548e-02	4.61315431e-02	2.69962806e-02	1.82511943e-02	1.17850270e-02	1.03793964e-02	8.73710955e-03	7.68920361e-03	4.32473035e-02	2.54446811e-02	1.57705462e-02	1.08626123e-02	6.11203373e-03	4.48494916e-03	3.97609327e-03	4.13216651e-03	1.34952904e-02	1.06718971e-02	7.84685116e-03	4.10838592e-03	2.03799948e-03	1.90225152e-03	2.47576737e-03	5.97636415e-03	5.70974797e-03	2.99033373e-03	1.84092419e-03	7.67363589e-04	7.97235020e-04	2.04430502e-03	8.38260504e-04	1.56292425e-05	8.05117785e-05	3.33703113e-04	-8.81633309e-05	-8.18315116e-05	5.58518101e-04	2.29158742e-04	-5.99810664e-05	6.69106354e-04	4.50717416e-04	1.68210206e-05	7.20510408e-06	-4.78134247e-04	
3	-1.25040758e-01	-4.44039752e-02	-2.22409445e-02	-1.34967629e-02	-6.11333302e-03	-9.08340568e-04	-1.97675435e-03	-1.94437388e-03	-7.44918601e-04	-3.58970699e-02	-1.88226387e-02	-9.93843105e-03	-4.23251430e-03	-2.10933349e-03	-1.24080888e-03	-1.35297370e-03	-8.63319545e-04	-1.19320516e-02	-6.00087975e-03	-5.00336914e-03	-3.19640812e-03	-2.30396278e-03	-1.37905621e-03	-4.24869845e-04	-4.01805490e-03	-3.64845471e-03	-2.52320881e-03	-2.08414945e-03	-1.82636189e-03	-7.36983106e-04	-1.38501504e-03	-1.22275268e-03	-7.93034245e-04	-2.57526885e-04	1.23731786e-04	2.41924373e-04	-7.95768194e-05	1.86211058e-04	1.05570598e-05	-2.51545417e-04	9.07681543e-05	-5.71866344e-04	4.96115632e-04	-5.45991358e-04	1.32564001e-04	
4	1.02670867e-01	2.95454851e-02	8.90633095e-03	2.43538324e-03	9.32802618e-04	5.59889210e-04	9.15137968e-04	9.75445069e-04	3.89299600e-04	3.14622918e-02	1.21314425e-02	6.47162969e-03	3.71000450e-03	1.87680180e-03	5.75076391e-04	8.54343162e-04	1.00672262e-04	1.27074861e-02	5.95527607e-03	3.22147961e-03	1.83864197e-03	1.34802388e-03	4.09056635e-04	-9.10408070e-05	5.09929906e-03	3.20461414e-03	1.53846172e-03	1.79420743e-03	6.89080661e-04	3.27471921e-04	2.38655621e-03	1.06066808e-03	1.12556963e-03	8.68179292e-04	9.70916859e-04	1.01231155e-03	5.99597194e-04	2.14666743e-04	6.65031912e-04	6.93297378e-05	-1.73811623e-04	4.34930588e-04	-3.11304188e-04	3.22921775e-04	-2.58309813e-04	
5	-8.39150873e-02	-2.11544567e-02	-7.00716406e-03	-6.15150200e-04	7.11813382e-04	-4.11398989e-04	5.41476404e-04	-4.99188189e-04	3.53524810e-04	-2.93874289e-02	-8.66315112e-03	-3.55951192e-03	-2.47948472e-03	-1.17384977e-03	-6.42132524e-05	-7.74448148e-04	-1.35814582e-04	-1.07798414e-02	-5.38115760e-03	-2.22819111e-03	-8.32441495e-04	-6.75888614e-05	-8.18167502e-05	3.82005578e-04	-4.81337548e-03	-2.17730661e-03	-6.95485340e-04	-2.58419442e-04	-8.18866295e-04	-8.58960072e-05	-2.96945343e-03	-1.13113730e-03	-1.01130392e-03	-9.37679156e-04	1.22308663e-04	-2.11364762e-03	-1.53366376e-03	-1.13740591e-03	-1.85039948e-04	-1.54821511e-03	-1.16755171e-03	-3.34918371e-04	-1.24038520e-04	-1.33841442e-04	3.55486488e-04	
