## Order: 5
## Bins: 10
## Minimum Radius = 2.00e+01
## Maximum Radius = 1.60e+02
## Format: Row 1 = radial bin 1, Row 2 = radial bin 2, Rows 3+ = zeta_ell^ab
## Column 1 specifies the angular multipole
 	 0	 0	 0	 0	 0	 0	 0	 0	 0	 1	 1	 1	 1	 1	 1	 1	 1	 2	 2	 2	 2	 2	 2	 2	 3	 3	 3	 3	 3	 3	 4	 4	 4	 4	 4	 5	 5	 5	 5	 6	 6	 6	 7	 7	 8	 
	 1	 2	 3	 4	 5	 6	 7	 8	 9	 2	 3	 4	 5	 6	 7	 8	 9	 3	 4	 5	 6	 7	 8	 9	 4	 5	 6	 7	 8	 9	 5	 6	 7	 8	 9	 6	 7	 8	 9	 7	 8	 9	 8	 9	 9	
0	1.27489405e-01	5.90881849e-02	3.62996178e-02	2.25674108e-02	1.89686348e-02	1.22967601e-02	7.30387105e-03	3.88104381e-03	2.73381788e-03	1.97046617e-02	1.60986829e-02	1.11373427e-02	8.38010899e-03	3.26747453e-03	1.83624373e-03	2.56218526e-03	1.89300142e-03	6.56858821e-03	5.73563644e-03	4.07989584e-03	4.54497732e-04	5.66877877e-04	4.88383559e-04	3.54798263e-04	3.84937953e-03	3.32183001e-03	3.77367516e-04	1.24433651e-04	1.52023579e-04	-4.87078543e-04	2.78456402e-03	7.13003557e-04	-6.26302963e-04	-5.69117253e-04	-6.21952822e-04	4.95273581e-04	-6.59623520e-04	-7.00569570e-04	-9.60388110e-04	-1.12174909e-03	-8.85009084e-04	-6.05649161e-04	-9.21489534e-04	-5.70496432e-04	-6.41772627e-04	
1	-4.28067405e-02	-1.39811847e-02	-5.23608110e-03	-3.26896850e-03	-5.47806141e-03	-7.97224432e-04	5.45369595e-04	6.18177448e-05	-4.51480739e-04	1.99859624e-03	-4.12336195e-03	-5.55626727e-03	-5.01543218e-03	6.32954752e-04	1.65955247e-03	7.99733299e-04	3.47453017e-05	-8.58602350e-04	-4.18785783e-03	-4.06910012e-03	2.13460494e-04	1.04170971e-03	1.05192766e-03	1.86806554e-04	-1.78753277e-03	-3.36195285e-03	4.47805941e-04	1.14997450e-03	1.60283585e-04	-5.92275774e-04	-2.24054619e-03	1.13847255e-04	2.95463874e-04	-2.27796149e-04	-2.44162930e-04	-4.50255075e-04	1.07026043e-05	-1.58062990e-04	-3.12189267e-04	1.50306115e-04	-5.73408411e-04	-9.16621977e-04	4.27520683e-04	-2.15558563e-04	5.99702210e-04	
2	1.99085877e-01	9.63750848e-02	5.25158944e-02	3.46340223e-02	1.91106879e-02	1.56488749e-02	1.26942789e-02	1.33492197e-02	1.05948529e-02	5.11136501e-02	2.67031135e-02	1.59975001e-02	1.09277392e-02	8.65119193e-03	6.36355565e-03	5.56232510e-03	5.45902555e-03	1.26018808e-02	9.78776978e-03	6.75544854e-03	5.39600893e-03	3.95065399e-03	2.64000218e-03	2.26115534e-03	5.57045554e-03	4.84234356e-03	3.52186917e-03	2.83345161e-03	1.82851169e-03	1.11605572e-03	3.42299727e-03	2.48690942e-03	1.49708647e-03	1.62965479e-03	1.18133462e-03	1.54351949e-03	1.14510284e-03	1.12476553e-03	9.48653374e-04	4.53110475e-04	3.42329432e-04	7.10009582e-04	3.44928308e-04	6.69404410e-04	2.43959812e-04	
3	-1.36802204e-01	-5.18494203e-02	-2.25474484e-02	-1.36361011e-02	-7.43656532e-03	-2.50428059e-03	-6.65221267e-04	-3.21275696e-03	-1.38672143e-03	-4.16447190e-02	-2.05034560e-02	-9.66208621e-03	-3.46001197e-03	-2.07349834e-03	-2.82477826e-03	-1.60179738e-03	-1.45833081e-03	-1.18487956e-02	-7.00663717e-03	-2.59282600e-03	-2.48016039e-03	-1.84286337e-03	-6.84031581e-04	-9.05166347e-04	-2.79067391e-03	-3.23329419e-03	-2.63248615e-03	-1.54898401e-03	-1.48222929e-03	-1.57194912e-03	-2.03186074e-03	-1.82563381e-03	-1.71479268e-03	-1.31281384e-03	-1.13257169e-03	-1.47320082e-03	-5.62411815e-04	-4.78839076e-04	-7.70992320e-04	-3.65031936e-04	-7.74164983e-04	-5.18931313e-04	-2.44818967e-04	-1.35243909e-04	2.06259400e-04	
4	1.07380115e-01	3.51774190e-02	1.37853852e-02	5.43769164e-03	4.63600122e-03	2.46254034e-03	6.31140781e-04	6.95531551e-04	1.25055237e-03	3.82249858e-02	1.51028322e-02	8.90118641e-03	4.45696591e-03	2.00355266e-03	8.87796607e-04	-2.84980289e-04	3.58033273e-04	1.47259505e-02	8.19795006e-03	3.61710050e-03	1.58663120e-03	1.54162253e-03	1.71667098e-04	2.63517729e-04	4.43240689e-03	2.81358726e-03	1.16622575e-03	6.60184823e-04	2.02466130e-04	-2.76867101e-04	1.61706003e-03	8.73471615e-04	4.62941713e-04	2.94171865e-04	1.19065178e-04	1.13474075e-03	1.09225834e-03	3.95343592e-04	3.85457496e-04	9.67857241e-04	8.72667759e-04	4.93064997e-04	9.04022297e-04	8.32200950e-04	1.38322668e-04	
5	-8.60135354e-02	-2.04470321e-02	-6.56086048e-03	-1.13208870e-03	-1.46563225e-03	-1.51157683e-03	-1.27218735e-03	1.94551640e-04	1.25141095e-04	-3.27532449e-02	-1.12860404e-02	-5.30834550e-03	-2.71119019e-03	-1.24582213e-03	-4.53232632e-04	-5.77763719e-04	-2.09657088e-04	-1.19279775e-02	-6.98433578e-03	-3.07291539e-03	-6.43570483e-04	-3.68210907e-04	-9.60845318e-04	-4.12507162e-04	-6.81334192e-03	-3.35108570e-03	-1.03854517e-03	-7.16764368e-04	-8.42796685e-04	-1.21540289e-05	-2.92392601e-03	-1.68040117e-03	-1.22200111e-03	-3.49671101e-04	1.45214970e-04	-1.86868045e-03	-9.09173057e-04	-4.40666279e-04	2.10961725e-05	-1.39598444e-03	-1.11167988e-03	-2.72497734e-04	-3.83676449e-04	-6.87441447e-04	-3.89583252e-04	
