## Order: 5
## Bins: 10
## Minimum Radius = 2.00e+01
## Maximum Radius = 1.60e+02
## Format: Row 1 = radial bin 1, Row 2 = radial bin 2, Rows 3+ = zeta_ell^ab
## Column 1 specifies the angular multipole
 	 0	 0	 0	 0	 0	 0	 0	 0	 0	 1	 1	 1	 1	 1	 1	 1	 1	 2	 2	 2	 2	 2	 2	 2	 3	 3	 3	 3	 3	 3	 4	 4	 4	 4	 4	 5	 5	 5	 5	 6	 6	 6	 7	 7	 8	 
	 1	 2	 3	 4	 5	 6	 7	 8	 9	 2	 3	 4	 5	 6	 7	 8	 9	 3	 4	 5	 6	 7	 8	 9	 4	 5	 6	 7	 8	 9	 5	 6	 7	 8	 9	 6	 7	 8	 9	 7	 8	 9	 8	 9	 9	
0	1.24609782e-01	4.87349618e-02	2.48009968e-02	1.64858877e-02	1.25915791e-02	6.85063126e-03	3.35269472e-03	1.93383681e-03	1.55033775e-03	1.42416191e-02	7.07935305e-03	4.38443376e-03	3.20738393e-03	1.60520758e-03	1.61997039e-03	4.69850441e-04	5.27979220e-04	6.32336673e-05	9.91641375e-04	4.69374970e-04	-1.18892790e-03	-1.56444045e-03	-1.26739377e-03	7.25513659e-05	-1.21707486e-03	-2.42022316e-05	-1.48625772e-03	-2.25872052e-03	-1.39369078e-03	-3.68001957e-04	6.71670625e-04	5.02991040e-04	-4.12962725e-04	-5.51496331e-04	-4.01250672e-04	-4.36685724e-04	-3.00232442e-04	-1.36171416e-04	-3.04215287e-04	-2.18255378e-04	-1.20404842e-04	-1.76720517e-04	-8.00417518e-05	4.54769782e-04	1.43945628e-04	
1	-4.52897297e-02	-1.80076078e-02	-4.37831780e-03	-4.30129510e-03	-5.69466859e-03	-4.69398535e-04	-3.99442931e-04	-1.37261955e-03	-2.04062961e-04	-4.42091762e-03	-2.47333871e-03	-3.23081014e-03	-1.65005391e-03	1.55981483e-03	2.13836443e-03	-1.33920239e-03	-1.09299302e-03	4.79988734e-04	-3.58844963e-03	-3.05362168e-03	2.43706337e-04	1.84508739e-03	1.02838769e-03	5.35897342e-04	-3.31268544e-03	-3.16851629e-03	8.02057044e-04	1.99515437e-03	1.35832485e-03	8.46730810e-04	-2.20171973e-03	-5.03000769e-04	-4.50639485e-05	1.21695374e-04	1.03611115e-04	-1.46560083e-03	-7.93383921e-04	-1.00617388e-03	-3.12638667e-04	2.96942202e-04	-1.71026557e-05	1.74139952e-06	4.45487392e-04	3.51125196e-04	4.53866728e-04	
2	1.85924329e-01	8.67077329e-02	5.03684614e-02	2.61621215e-02	1.45754589e-02	1.01717796e-02	8.35627326e-03	5.63653305e-03	4.57899354e-03	4.64459633e-02	2.50983197e-02	1.53067993e-02	9.47775594e-03	7.04225329e-03	6.01449311e-03	3.68750682e-03	4.19739691e-03	1.03806455e-02	7.69539073e-03	6.02305505e-03	4.19971489e-03	2.67544074e-03	1.53767975e-03	1.59542866e-03	2.47499650e-03	3.11850400e-03	2.47493039e-03	6.25924146e-04	4.10192864e-04	-1.49535880e-04	9.55113759e-04	3.15242641e-04	-4.69384555e-04	-4.42283018e-04	-5.62975774e-04	-1.64724186e-04	-6.53969606e-04	-4.77045626e-04	-7.37818317e-04	2.12808480e-04	2.59901851e-04	1.34710797e-05	-5.54017126e-04	2.82773206e-04	-5.99022772e-05	
3	-1.26136477e-01	-4.55318452e-02	-2.11370516e-02	-1.18172871e-02	-6.34614994e-03	-2.35456955e-03	-8.22557070e-04	-1.75038316e-03	-1.82636497e-03	-3.80991405e-02	-1.83380828e-02	-7.26685226e-03	-3.06439638e-03	-2.13938142e-03	-1.76531298e-03	-1.66060039e-03	-1.70937105e-03	-9.04110158e-03	-4.36723461e-03	-1.80316221e-03	-1.66831518e-03	-1.23319274e-03	-1.02169274e-03	-7.32092149e-04	-6.89250623e-04	-1.47209137e-03	-8.73798233e-04	-6.79188270e-04	-2.73959922e-04	-1.91167174e-04	-6.31948568e-04	1.66526929e-04	2.18074177e-04	1.46631460e-04	-2.48203194e-04	9.62136973e-05	5.25033653e-04	-2.31233613e-05	-3.65257032e-04	3.05540273e-04	-4.80023224e-04	-7.09146793e-04	-9.34268561e-04	-5.98105115e-04	-9.03068376e-06	
4	1.09127716e-01	3.13655899e-02	1.46554624e-02	6.46865705e-03	5.48897138e-03	9.40213935e-04	1.02336062e-03	1.05866288e-03	7.00384762e-04	3.29229907e-02	1.55429511e-02	8.49130887e-03	3.77003583e-03	2.00462857e-03	1.76168055e-03	7.52992906e-04	1.03071178e-04	1.33183727e-02	8.51079341e-03	3.21045303e-03	2.11682133e-03	1.93003085e-03	7.84587258e-04	5.60868041e-05	4.56930889e-03	2.71306419e-03	1.27081989e-03	1.25243688e-03	1.84941545e-04	-9.08045478e-05	1.93166267e-03	1.09179672e-03	1.49397009e-04	-2.72648090e-04	-2.43761456e-04	1.32221979e-03	2.18706810e-04	-7.76156439e-05	-1.39093228e-04	5.99299653e-05	3.41538852e-04	1.74113031e-04	-3.55095837e-04	2.94936692e-04	9.76427123e-05	
5	-8.38044735e-02	-1.95169618e-02	-6.74532480e-03	-3.23462545e-03	-2.87584235e-03	-1.53633495e-03	-4.99431641e-04	-2.76985782e-04	4.69458561e-05	-3.02161980e-02	-1.01445678e-02	-3.19457067e-03	-2.19954936e-03	-2.30189096e-03	-1.06094512e-03	-6.59128874e-04	-5.44195022e-04	-1.02538718e-02	-5.04964772e-03	-2.56482944e-03	-1.45360102e-03	-1.05019163e-03	-3.63336296e-04	-5.14854166e-04	-5.37898962e-03	-2.91483550e-03	-1.11928463e-03	-1.04490217e-03	-2.65551150e-04	-2.74728047e-04	-1.65499432e-03	-1.65616355e-03	-1.67996415e-03	-5.71786857e-04	3.47991258e-05	-1.36266321e-03	-1.13814387e-03	-3.79232446e-04	-4.90656881e-05	-5.88516414e-04	-1.65736496e-04	-4.96442133e-04	9.07301222e-05	-3.04196983e-04	1.55304534e-05	
