## Order: 5
## Bins: 10
## Minimum Radius = 2.00e+01
## Maximum Radius = 1.60e+02
## Format: Row 1 = radial bin 1, Row 2 = radial bin 2, Rows 3+ = zeta_ell^ab
## Column 1 specifies the angular multipole
 	 0	 0	 0	 0	 0	 0	 0	 0	 0	 1	 1	 1	 1	 1	 1	 1	 1	 2	 2	 2	 2	 2	 2	 2	 3	 3	 3	 3	 3	 3	 4	 4	 4	 4	 4	 5	 5	 5	 5	 6	 6	 6	 7	 7	 8	 
	 1	 2	 3	 4	 5	 6	 7	 8	 9	 2	 3	 4	 5	 6	 7	 8	 9	 3	 4	 5	 6	 7	 8	 9	 4	 5	 6	 7	 8	 9	 5	 6	 7	 8	 9	 6	 7	 8	 9	 7	 8	 9	 8	 9	 9	
0	9.14983235e-02	3.04195862e-02	7.01529630e-03	1.56438631e-03	1.71507147e-03	-9.00675753e-05	-2.73889898e-03	-3.61482715e-03	-5.04493431e-03	-3.39166422e-04	-3.18906265e-03	-4.59367401e-03	-3.98146905e-03	-3.28049531e-03	-3.29315369e-03	-9.41031510e-04	2.38162013e-04	-8.76210430e-03	-6.18665089e-03	-3.42064385e-03	-3.09065122e-03	-2.50002143e-03	-2.06335386e-03	-9.86372115e-04	-5.98198901e-03	-2.95359216e-03	-2.48172202e-03	-2.12099176e-03	-1.64459207e-03	-1.27552311e-03	-2.98498804e-03	-1.05667032e-03	-7.13041516e-04	3.02486180e-04	3.35275052e-04	2.60207311e-04	-3.80569325e-04	5.22827949e-04	6.11640446e-04	-1.01440216e-04	2.48774639e-04	8.53404964e-04	-1.69287505e-04	5.39906039e-04	4.26363087e-04	
1	-3.65278035e-02	-1.86131472e-02	-4.54093087e-03	-1.04530393e-03	-2.28113347e-03	2.43290782e-03	2.11958203e-03	-1.77089903e-03	-1.73343367e-03	3.02889793e-03	-1.54023552e-03	-2.66698602e-03	-3.30277292e-03	2.75270883e-03	3.38925398e-03	1.17506656e-03	-5.15863977e-04	3.25941799e-03	7.82132922e-04	-1.42352819e-03	1.77367207e-03	1.92859837e-03	1.46830924e-03	6.37993526e-04	2.63084996e-03	-4.74874009e-04	9.08404289e-04	7.68671637e-04	4.88656386e-04	9.40362712e-04	8.63766030e-04	1.65576960e-03	5.54422610e-04	9.77965510e-04	7.28406477e-04	1.48220755e-03	9.42817265e-04	5.47765390e-04	1.98232661e-04	5.51470829e-05	-8.28146938e-04	-4.20570168e-04	-8.64439803e-04	-6.40966228e-04	-4.09500932e-04	
2	1.79851164e-01	8.68102358e-02	4.64262669e-02	2.62202921e-02	1.39262705e-02	1.38741526e-02	1.09705552e-02	1.09845436e-02	6.20899555e-03	4.36179037e-02	2.29082487e-02	1.41613957e-02	7.57918316e-03	5.07978683e-03	3.69579806e-03	2.72654200e-03	1.73885640e-03	8.29083766e-03	7.88571323e-03	5.55329001e-03	2.43320903e-03	2.51672317e-03	1.42279005e-03	-2.99946255e-05	1.63226991e-03	2.28182414e-03	1.28703436e-03	5.44042093e-04	2.23679595e-04	-1.66708350e-04	2.19308455e-04	-1.46598272e-04	-6.40136698e-06	-7.57667284e-04	-9.67304595e-04	-1.01499683e-03	-1.61749342e-03	-1.08159683e-03	-9.20086161e-04	-1.39328198e-03	-1.04449285e-03	-7.30805585e-04	-1.25373289e-03	-8.36684891e-04	-9.75083685e-04	
3	-1.24271786e-01	-4.99410708e-02	-2.15427884e-02	-1.21152237e-02	-3.70397016e-03	-2.37320577e-03	-2.22858432e-03	-2.90170280e-03	-1.89010333e-03	-3.53321404e-02	-1.69772020e-02	-8.62328576e-03	-3.19471494e-03	-1.18404465e-03	-1.71995535e-03	-9.49624151e-04	-1.17537283e-03	-1.11715411e-02	-6.16896546e-03	-3.13123578e-03	-1.43681988e-04	-8.83539392e-05	-6.16360112e-04	-8.82589266e-04	-2.88768206e-03	-1.72969127e-03	1.07953916e-04	-1.63254088e-04	-2.35387376e-04	-2.89549553e-04	-6.79052370e-04	-4.12749429e-05	-2.71790542e-04	-8.71240976e-05	2.17171162e-04	-4.46184650e-04	4.34992761e-05	1.80290626e-04	5.45603313e-04	2.89894564e-04	5.02493751e-05	4.35183596e-04	7.36113038e-04	6.34783036e-04	3.08216670e-04	
4	1.02972504e-01	3.35530783e-02	1.05474104e-02	5.00447180e-03	3.94324074e-03	8.64725097e-04	-6.98215679e-04	-1.52646736e-04	9.83224100e-05	3.15482199e-02	1.34377637e-02	8.44404936e-03	5.43670866e-03	1.36942116e-03	1.01944748e-03	9.26730924e-04	6.00783040e-04	1.11896770e-02	6.66885410e-03	3.70991449e-03	2.16660671e-03	8.68658243e-04	2.17038460e-04	8.83886656e-04	3.96188694e-03	1.73880764e-03	1.25513364e-03	5.52151325e-04	4.48470060e-04	5.48377628e-04	1.56376478e-03	5.56380393e-04	3.31520339e-04	3.48556613e-04	2.90456934e-04	2.72423803e-04	-3.85544591e-04	-7.05835098e-05	3.58388303e-04	-2.41667924e-04	-2.48122286e-05	1.25946489e-04	-2.62384880e-04	-4.18358091e-05	-9.21033910e-04	
5	-7.95616149e-02	-1.95540751e-02	-6.24258883e-03	-3.87438161e-04	-8.64838337e-04	-1.11136712e-03	-5.86667096e-04	5.52237645e-04	-4.72806625e-04	-2.86322209e-02	-9.64669983e-03	-3.60146542e-03	-2.58923031e-03	-2.97140696e-03	-2.16807860e-03	-1.77922421e-05	-5.94654697e-05	-9.36550659e-03	-4.65392021e-03	-2.08428676e-03	-1.31572091e-03	-1.16029814e-03	-1.26497267e-03	-4.99571982e-04	-4.34405820e-03	-2.52931338e-03	-1.15236381e-03	-1.54225198e-03	-9.97266169e-04	8.09452161e-05	-1.85823878e-03	-1.20652477e-03	-7.50050005e-04	-2.85168895e-04	2.85851632e-05	-1.46325460e-03	-5.62874293e-04	-2.94820468e-04	4.54475259e-06	-5.73080269e-04	-7.60254442e-04	-6.15092929e-05	5.76947195e-05	-4.61879173e-04	-6.34157504e-05	
