## Order: 5
## Bins: 10
## Minimum Radius = 2.00e+01
## Maximum Radius = 1.60e+02
## Format: Row 1 = radial bin 1, Row 2 = radial bin 2, Rows 3+ = zeta_ell^ab
## Column 1 specifies the angular multipole
 	 0	 0	 0	 0	 0	 0	 0	 0	 0	 1	 1	 1	 1	 1	 1	 1	 1	 2	 2	 2	 2	 2	 2	 2	 3	 3	 3	 3	 3	 3	 4	 4	 4	 4	 4	 5	 5	 5	 5	 6	 6	 6	 7	 7	 8	 
	 1	 2	 3	 4	 5	 6	 7	 8	 9	 2	 3	 4	 5	 6	 7	 8	 9	 3	 4	 5	 6	 7	 8	 9	 4	 5	 6	 7	 8	 9	 5	 6	 7	 8	 9	 6	 7	 8	 9	 7	 8	 9	 8	 9	 9	
0	1.24032584e-01	5.68095790e-02	3.28421834e-02	1.72015905e-02	8.87209969e-03	3.11037312e-03	2.62328149e-03	1.79223388e-03	1.82172554e-03	2.05990851e-02	1.77693692e-02	1.15377866e-02	5.42360535e-03	2.89805619e-03	2.48556205e-03	3.28916474e-03	2.82686259e-03	9.14123836e-03	8.19223844e-03	3.94803617e-03	2.64616051e-03	2.01665286e-03	1.82176391e-03	1.60030320e-03	6.04867029e-03	4.14466883e-03	3.06744197e-03	2.79416207e-03	1.86918220e-03	1.53215991e-03	2.71602271e-03	2.11567080e-03	1.83391301e-03	1.18109791e-03	6.13339012e-04	1.43877086e-04	8.08260392e-04	7.19032641e-04	6.46869557e-04	2.70043258e-04	7.40918044e-04	5.20375173e-04	-1.16580918e-04	-4.28545113e-05	-6.86731384e-04	
1	-3.87690593e-02	-1.97289405e-02	-8.94953614e-03	-5.70983554e-03	-5.07690563e-03	2.43012246e-03	4.77776608e-04	-1.73237368e-05	9.54816153e-04	-2.06343735e-03	-5.92180666e-03	-6.70268992e-03	-4.02981395e-03	1.75324855e-03	2.13091643e-03	7.45388573e-04	3.05148122e-04	-1.81158075e-03	-4.08161652e-03	-3.16554810e-03	9.95083263e-04	1.12809781e-03	5.92309987e-04	-5.38980158e-04	-4.09350938e-03	-2.66104138e-03	-1.13731038e-04	2.50761935e-04	2.01500957e-04	-5.21316828e-04	-3.01432985e-03	-8.32393033e-04	5.85584750e-06	-1.36272903e-04	-8.32149480e-04	8.93044899e-05	-1.05499630e-04	-6.31400978e-04	-1.04088121e-03	3.62898907e-04	-4.09348111e-04	-1.12696593e-03	3.16114526e-04	-3.31863300e-04	-1.79369245e-04	
2	1.85901268e-01	8.86558101e-02	4.56822964e-02	2.53603366e-02	1.77710355e-02	1.49248007e-02	1.15174651e-02	9.70665125e-03	8.83200817e-03	4.64954414e-02	2.21772700e-02	1.34009151e-02	1.12289865e-02	8.20902783e-03	5.97007216e-03	4.80069547e-03	5.86639790e-03	1.04991292e-02	8.00699317e-03	7.30409690e-03	5.18947805e-03	3.97771584e-03	2.64125037e-03	2.07462662e-03	3.21869563e-03	4.02033392e-03	2.04250621e-03	1.59235848e-03	5.53614459e-04	3.86516480e-04	1.69790281e-03	8.47603999e-04	1.14222305e-03	8.43919518e-04	-7.47073108e-05	-1.95258590e-04	8.14305433e-04	3.23826295e-04	-1.24653877e-04	7.44941949e-04	7.48369927e-04	4.26607435e-04	3.78197696e-04	7.66726083e-04	2.20151880e-04	
3	-1.29504773e-01	-5.13160198e-02	-2.11750501e-02	-9.98864286e-03	-4.22591792e-03	-3.29003174e-03	-1.47394893e-03	-1.07017830e-03	-2.04481978e-03	-4.06551397e-02	-1.79825537e-02	-9.24992382e-03	-3.99431941e-03	-3.34995330e-03	-2.09142430e-03	-1.20188010e-03	-1.37302328e-03	-1.06107642e-02	-5.03132122e-03	-3.49496185e-03	-2.99642113e-03	-2.60819142e-03	-1.10782165e-03	-1.72197055e-03	-2.03939257e-03	-3.23838151e-03	-2.49322095e-03	-1.59281305e-03	-1.13025589e-03	-1.23916571e-03	-9.96908483e-04	-1.34049959e-03	-9.39591470e-04	-8.47001224e-04	-7.63320536e-04	-9.24967749e-04	-6.66082728e-05	-2.43927825e-04	-3.66906717e-05	-4.99341854e-04	-8.65141282e-04	-6.13644149e-04	-8.76229168e-05	-4.80223136e-04	2.57482255e-05	
4	1.02924321e-01	3.37327317e-02	1.38410055e-02	5.71202563e-03	4.29925153e-03	1.23287886e-03	1.85206361e-03	1.79687614e-03	1.23852139e-03	3.73586775e-02	1.52724834e-02	6.63642333e-03	1.42317627e-03	2.77661832e-04	-1.73420718e-04	-4.05705755e-04	-9.53298462e-04	1.32275863e-02	5.51593649e-03	1.76056467e-03	9.61924486e-04	3.37027808e-04	1.04666560e-04	-1.07999010e-03	2.13382193e-03	1.35081982e-03	9.79100911e-04	4.98008736e-04	-2.56668693e-04	-8.33089774e-04	2.35145011e-04	8.14282560e-04	4.25644068e-04	3.43804274e-04	1.08913856e-04	9.18941166e-04	6.77737165e-04	8.66153455e-04	9.19928067e-04	2.24845325e-04	9.88344553e-04	1.19091654e-03	7.03691728e-04	1.12878753e-03	3.17766090e-04	
5	-8.12965246e-02	-1.93644829e-02	-6.69047928e-03	-2.62407008e-03	-2.80135596e-03	-8.51198626e-04	7.63738706e-04	-7.69955986e-04	-7.47930762e-04	-3.18914849e-02	-1.06662199e-02	-4.06643577e-03	-2.18749432e-03	-3.75048380e-04	1.95812505e-04	1.53632709e-04	-1.36310097e-04	-1.11782946e-02	-4.94203540e-03	-2.28636611e-03	-2.53553223e-04	1.61033603e-04	2.75881775e-04	3.90795353e-04	-4.88085703e-03	-2.68992785e-03	-1.24704861e-03	-4.60362525e-04	5.13567395e-04	6.46950754e-04	-2.24644798e-03	-1.10693238e-03	-1.44912156e-03	-4.00122013e-04	-7.30019479e-05	-4.52727832e-04	-1.27704238e-03	-3.54082956e-04	-3.86275680e-04	-8.15375417e-04	-2.04793672e-04	-6.23165360e-04	3.04934479e-04	-6.46880747e-04	3.22150877e-05	
